0.000000000000000000e+00 3.899884605142520805e-02 4.015110549180554017e-02 8.906507955717279934e-02 5.375621486926885489e-02 -4.202615848364360529e-02
9.740000000000000394e-04 -8.550271317824017017e-03 -3.017266887364092667e-02 -7.537019608699579987e-02 2.675523266928321597e-02 -2.570955896749278768e-02
1.948000000000000079e-03 -3.652215891094832967e-02 4.226209647735293395e-02 -3.449969614076597857e-02 -1.659961154579947876e-02 -1.400867357067494927e-02
2.922000000000000118e-03 2.210297846144288706e-03 4.537616523962474495e-03 -5.000128485834746256e-02 1.760341052547293676e-03 -2.506369957921475433e-02
3.896000000000000157e-03 -2.136889846023355688e-02 4.864136412920747055e-02 -3.346459174735350039e-02 -5.155625754593938168e-03 -2.235038261444041371e-02
4.870000000000000197e-03 6.623922294331106332e-03 -3.183955614945015167e-02 -4.501958307124509506e-02 1.549730441870675324e-02 6.532787515945439986e-03
5.844000000000000236e-03 4.493790363039797987e-03 -2.088164208395992816e-02 5.946963182137330467e-02 -2.884428074632442926e-02 -8.837596975963172771e-03
6.818000000000000276e-03 -2.996970229708074973e-02 1.864749783336917474e-02 -6.667449836604073810e-02 -1.675418476545361898e-02 4.974260037246410610e-02
7.792000000000000315e-03 1.989457607495006761e-02 -1.995728323627655315e-02 2.809855362260713606e-03 -4.261236957350603843e-02 2.999763602315393476e-02
8.765999999999999487e-03 -2.000729037695479773e-02 9.380027113566202432e-03 2.836976620524271978e-02 -8.282117509275325334e-03 1.635569572316756615e-03
9.740000000000000394e-03 4.089084751478507668e-02 -2.426755079134478021e-02 2.208479581492212018e-02 -2.928646614342041675e-03 -4.348754258536909750e-02
1.071400000000000130e-02 6.435988534416057540e-03 4.042315123239353242e-02 -9.566165776736464165e-04 1.964645553319990454e-02 1.252287755266481839e-02
1.168800000000000047e-02 -8.524109898840080690e-03 2.645298259125604401e-02 7.429606240476254418e-03 -1.617461139458463773e-02 -2.680718557833525889e-02
1.266199999999999964e-02 7.382106602146128356e-03 -2.240162646005410159e-03 -2.186591114604735306e-02 -1.182774856824957664e-02 -5.591760076987224715e-02
1.363600000000000055e-02 1.415451108046259952e-03 1.644841887347013240e-02 3.294421134222440956e-02 -1.432258833674137505e-02 -6.422064930575363192e-03
1.461000000000000146e-02 -1.048818784157204247e-02 -1.504808137846381068e-03 -1.918104957780062195e-02 -2.336145013681932212e-02 -1.417089415416224879e-02
1.558400000000000063e-02 5.390425675312134068e-02 -3.861185218651210643e-02 -1.954957647630929315e-02 -1.524515803442022012e-02 1.825504812889263903e-02
1.655799999999999980e-02 5.359021605675480526e-02 1.450667398041374789e-02 5.725039094298452202e-02 -2.946924206485574196e-02 -4.865677120596120092e-02
1.753199999999999897e-02 2.010423897009593064e-02 -8.271013144349293605e-03 -8.413208543758085578e-03 -1.731995316075746151e-03 2.870274355921682841e-02
1.850600000000000162e-02 3.005451969058110101e-02 1.085138247437704428e-02 2.214361521308241126e-02 -2.608951915655896917e-02 4.453758533586301555e-02
1.948000000000000079e-02 -3.048167325325431068e-02 3.794128682081741866e-02 7.139633526615880854e-02 -6.196947349116296161e-03 -6.704169742924097342e-02
2.045399999999999996e-02 7.084746606724401895e-03 -5.884856048017647959e-03 2.398865950292491857e-03 -3.313956867622758207e-02 -1.081781542035205670e-02
2.142800000000000260e-02 6.892252244793285743e-02 -4.296272928806750546e-02 2.130336118279130622e-02 1.089512438344507859e-02 -2.268787509401730754e-02
2.240200000000000177e-02 -3.865553661574444577e-02 2.161481581662071105e-02 -2.046178463985379170e-02 1.469661272897781860e-02 -3.131348322187060135e-02
2.337600000000000094e-02 -1.603579536276819768e-03 -3.784227677364799917e-03 4.723061706804254634e-02 -5.133422482925573821e-02 4.526855319395249599e-02
2.435000000000000012e-02 -3.377624016092550113e-02 -1.239913289355803160e-02 -1.978330925076675567e-04 -5.373625207850507568e-03 -1.739104848158778277e-02
2.532399999999999929e-02 -7.318633721766268016e-03 -7.025718820078562157e-04 -5.133525077298159276e-05 -1.534575253643293870e-02 2.906487598731984784e-02
2.629800000000000193e-02 -1.975915718409659502e-02 4.010363682642698047e-02 -1.043406302433847258e-02 1.847247754884917895e-02 2.491269447490766092e-02
2.727200000000000110e-02 4.169642059530131312e-02 -1.394399729309769680e-02 1.383484767468976494e-02 -9.683595039946629041e-03 -1.810650112052691191e-02
2.824600000000000027e-02 5.528291354747176534e-02 -1.010317455215391236e-02 -2.072223595267165194e-02 -1.247263466327995854e-02 4.069936488637527702e-03
2.922000000000000292e-02 3.447721419173242069e-02 1.644519798046451334e-02 2.198841833506044383e-02 -2.743837760595487646e-02 -2.372812268569615517e-03
3.019400000000000209e-02 2.093082110323910006e-02 -4.274493411799264696e-03 -3.794243165723833189e-02 4.936052684770547705e-02 1.432079083627285469e-02
3.116800000000000126e-02 -2.687943199998041668e-02 9.261216663898253279e-03 1.661017582792763403e-02 -1.883451033605696226e-02 -3.304169300315207194e-03
3.214200000000000390e-02 2.811333720077423617e-02 -7.583888273974868401e-03 8.478905287276809755e-02 5.491517737614615884e-04 -3.757822693305987172e-02
3.311599999999999960e-02 -2.848358248915821428e-02 -2.627319580930334575e-02 -3.742722282299229541e-02 4.074709003395835948e-04 -2.218048844845933038e-02
3.409000000000000224e-02 1.177493827169960421e-02 -3.270051906856967939e-03 4.218241217024894935e-02 -2.248451973922493616e-02 -5.179376811577471318e-02
3.506399999999999795e-02 3.001142256658359108e-03 5.217080475404592237e-03 -4.880527278212883242e-03 2.733998821892113032e-02 -2.275041547667871686e-02
3.603800000000000059e-02 1.034729818158846735e-03 -1.889843936695070892e-02 -1.911621781882275051e-02 -2.452253551763676487e-02 -4.364971146165055882e-02
3.701200000000000323e-02 1.986714341906927958e-02 -4.541505074496148681e-02 -3.519585851799496984e-02 2.916748793715941493e-02 -4.701795205240587999e-02
3.798599999999999893e-02 2.713593452011687363e-02 5.953018157882044702e-04 -1.055376087498961432e-02 -1.004762595898450218e-02 1.047291982503787723e-02
3.896000000000000157e-02 1.888067976071054494e-03 -7.326435976779378800e-03 -2.893894736588920394e-02 -3.867697866441815319e-02 -2.411921177661933632e-02
3.993400000000000422e-02 1.977420212547919762e-02 6.497933983964268578e-02 -4.616371689188534383e-02 7.123314493796519681e-03 -2.372506782233824510e-02
4.090799999999999992e-02 -2.398417141862307922e-02 2.984774113944588247e-02 -6.302872947458080469e-04 3.934495599726971216e-02 -1.745290539528382076e-02
4.188200000000000256e-02 -2.771072022686572184e-02 -3.521664650034150162e-02 1.458701232525290263e-02 -2.292522239090188235e-02 -1.077046228236001012e-02
4.285600000000000520e-02 -3.220934023859341189e-02 -1.301975414147267356e-02 -4.384293446740691880e-02 -2.076851074858982252e-02 1.724043770001715617e-02
4.383000000000000090e-02 2.446687010697409445e-02 -1.007609485402578310e-02 -4.264526844322689969e-02 1.989944745350927593e-02 2.726654567937914636e-02
4.480400000000000355e-02 -3.114485853062488874e-02 1.681223853804755808e-02 6.858469207098100151e-02 9.607220324730251018e-03 4.152022540246798343e-02
4.577799999999999925e-02 -4.535977632031401238e-03 -7.690853962829687085e-02 -1.728764948437664858e-02 -2.797242271566645691e-02 4.578583622312663859e-02
4.675200000000000189e-02 -4.493696754505319135e-02 4.707876576652433864e-02 -2.428286464020106006e-02 1.004603664300425395e-03 -2.993597723422462137e-02
4.772600000000000453e-02 8.455071715167830973e-03 2.032070743993721895e-02 -3.335175197628529459e-02 9.497309106247882673e-03 -4.174961466233519103e-02
4.870000000000000023e-02 -4.710209431607185679e-03 -3.382824243250347890e-02 1.669260998340007032e-02 2.696467316238291417e-02 -5.631879481573648372e-02
4.967400000000000287e-02 8.908640606080283839e-03 3.672122823223600285e-03 2.486301042165271410e-02 -2.381740534180031618e-03 -2.820513460584839899e-02
5.064799999999999858e-02 4.609907419935304479e-02 -1.545038575919790037e-03 -1.804863510431354082e-02 1.602283763951533463e-02 1.428204814911192538e-03
5.162200000000000122e-02 6.384705774136050470e-03 -9.331063112105780072e-03 -6.625170960869218584e-02 -3.899883629291130832e-02 -2.493484338249252891e-02
5.259600000000000386e-02 3.418469789198741449e-02 -1.554931506394684887e-02 -8.098439885548619488e-03 1.892865208383261513e-02 -1.261885514897705639e-02
5.356999999999999956e-02 -1.076456252598576192e-04 3.646191073878182753e-02 1.039070487209022009e-02 -3.302872273880555487e-02 -5.233697108807461133e-03
5.454400000000000220e-02 2.454280562843170338e-02 6.365343692636503403e-02 -3.566267781466407605e-02 -2.511914273843385975e-02 -4.889465543603116471e-03
5.551800000000000485e-02 3.945465887374117325e-03 4.921906741570069438e-02 -1.616208358122616685e-03 -5.613059203636961564e-02 1.698380723391136951e-02
5.649200000000000055e-02 -2.398295338107510680e-02 7.362557868106345098e-03 2.476074556926764064e-02 -3.960288065359655191e-02 1.984929033005377111e-02
5.746600000000000319e-02 3.061645044048524195e-02 6.484630494566146408e-04 3.085616075895588131e-02 -1.194422041824403161e-02 -1.335171428407435669e-02
5.844000000000000583e-02 -1.445906124353621078e-02 -1.907491269225171371e-02 4.178921666394537493e-02 -2.143918896951763770e-02 -1.370619283517778529e-02
5.941400000000000153e-02 -7.463804647358272121e-03 1.157406234921706627e-02 -1.834365500877891547e-02 -1.687018694726019272e-02 -3.809826648168069402e-02
6.038800000000000417e-02 -5.983179340089555404e-03 -2.997403525312605094e-02 2.902039910989254873e-03 3.145723664412254650e-02 3.351426805078354040e-03
6.136199999999999988e-02 3.768290994569365761e-03 -4.019310776646423805e-02 -3.095545347153511387e-02 -5.926969990159031566e-05 -9.545721895202530227e-03
6.233600000000000252e-02 2.989252845219776081e-03 -2.763457708084625722e-02 -8.905123250398529200e-03 1.452351417162592827e-02 -4.494507550373835758e-02
6.331000000000000516e-02 -2.810505360575113812e-02 -3.524685682738905399e-03 1.801573238708275258e-03 -7.319220002004119506e-03 -4.341487851800656522e-02
6.428400000000000780e-02 -1.035938857529513681e-02 1.667437437447267731e-02 -3.457300361829943741e-02 4.277199960041616275e-03 1.612689090113361007e-02
6.525799999999999657e-02 3.306394273227214464e-02 5.137793297225482642e-02 -3.894227711041372587e-03 3.987519180961497656e-03 -1.492409096617566128e-02
6.623199999999999921e-02 -4.926478281200315223e-02 -8.885524020573088919e-03 -1.942740343535617059e-02 3.718304303232589786e-02 1.443274429978792968e-02
6.720600000000000185e-02 2.208927888040989468e-02 -2.357019520138206939e-03 -3.944268490321777010e-03 -6.362904240025204529e-03 -1.795597086069939535e-02
6.818000000000000449e-02 2.715537270919746518e-02 1.471386716767453424e-02 2.677137164281019350e-03 -2.660490471555606098e-02 5.012869312631782100e-03
6.915400000000000713e-02 -1.531600506369306357e-02 2.804532366664475029e-02 5.232550328369658249e-02 5.357715672414646406e-03 -1.805357890376291241e-02
7.012799999999999589e-02 2.230672462223869806e-02 5.181050464200850046e-03 -3.952691445749730720e-02 -3.453904712818453571e-02 2.985837401880960321e-02
7.110199999999999854e-02 2.737490417622970296e-02 -6.245663123791641257e-03 1.931949160399577814e-02 2.702429300826363415e-02 1.423274567646116463e-02
7.207600000000000118e-02 -3.005728257961693892e-02 3.000371718667378326e-02 -1.914314401483971709e-02 -1.210333162879364925e-02 -1.971308824626326686e-02
7.305000000000000382e-02 -1.562184399866339661e-02 4.076839213774020865e-02 -1.855492205130296335e-02 3.529157269532520649e-03 -2.350277921365024475e-02
7.402400000000000646e-02 3.024838158560152687e-02 3.263433905958337128e-02 -1.135392200370254068e-02 6.760145755359007504e-03 1.116603607374904751e-02
7.499800000000000910e-02 -2.110712278167099429e-02 1.447002140201760455e-02 7.052243399163066195e-02 -2.831425620541962521e-02 3.570379230457064457e-02
7.597199999999999787e-02 1.798647497825677996e-02 3.421012622582197266e-02 3.483455981611691121e-02 1.755123221365534683e-02 -3.609270792606838595e-03
7.694600000000000051e-02 4.430461726560881719e-02 9.810221740036529497e-03 1.881172623325699442e-02 -1.482506237368610459e-02 -1.886321071599104601e-02
7.792000000000000315e-02 1.211986836384811120e-04 3.501040208399805453e-02 1.670106071988277166e-02 -1.965667920496382004e-02 6.207792764248714484e-02
7.889400000000000579e-02 -1.813417447750305389e-02 -4.927935032670212323e-02 9.018051145492249343e-03 1.479868293110795686e-02 -3.075395967684404000e-02
7.986800000000000843e-02 -4.911734863016236664e-03 -4.424389404776145340e-02 -3.865365636668818133e-02 -1.364770540302225228e-02 3.853404727493386916e-02
8.084199999999999720e-02 2.899614883125002304e-02 -1.569948246645193682e-02 -1.800884540334865384e-03 2.279036804240144876e-02 2.498339733984367844e-02
8.181599999999999984e-02 -1.213817211576890057e-02 1.072419297894606008e-02 -1.062508617904251405e-02 1.072090695940254145e-03 3.657650206212939657e-03
8.279000000000000248e-02 -7.442332271563351954e-03 9.239851142961410385e-03 1.122821394189282666e-02 -8.310544510632072654e-03 4.560599130007554451e-03
8.376400000000000512e-02 4.844311695980978161e-03 2.187821142734600131e-03 -1.654751216765922017e-02 8.955040743246852133e-03 4.259798645535940731e-02
8.473800000000000776e-02 -2.846314436336790793e-02 4.960086255931861476e-02 5.649571080350681770e-03 -1.964665389868374898e-02 -7.605026245419643782e-03
8.571200000000001040e-02 1.159722834983889679e-02 -3.277787659002026014e-03 1.618620179844602186e-02 -2.497395038715453930e-03 -2.604735087383905183e-03
8.668599999999999917e-02 -6.316366611186827185e-02 -1.889741294647586528e-02 -5.893910930893141685e-03 -4.698006913656950501e-02 9.937626848336735680e-03
8.766000000000000181e-02 5.541833287794283545e-03 2.589244880085022835e-02 -1.349962212756164286e-02 -4.361095025567575563e-03 1.862096662814901812e-02
8.863400000000000445e-02 3.811583179543424210e-02 7.301421383393549847e-02 1.231176962374543570e-02 -1.968823515708026384e-02 -1.454506077634262024e-03
8.960800000000000709e-02 1.796512898919349482e-02 3.284820852375784639e-02 -2.841639130260582499e-02 1.392991011927088678e-02 -2.772084657309615424e-02
9.058200000000000973e-02 2.321523977757106866e-02 -3.363696428069354316e-02 -4.212760237836159910e-03 3.247720914677933862e-02 2.988416699362757625e-02
9.155599999999999850e-02 4.347150114730723158e-02 7.286624532375160501e-02 -1.095002220769579135e-02 -2.459658619304866053e-02 -1.179523377435685437e-04
9.253000000000000114e-02 5.201296378617977032e-04 -4.608774992419265026e-02 -2.572025263495116010e-02 -1.427942287378835585e-02 4.351264669858681544e-02
9.350400000000000378e-02 3.356145423137801322e-03 2.350869746318721976e-02 1.293388477326009147e-03 -1.429662682469222575e-02 2.701395896933475246e-02
9.447800000000000642e-02 -5.072393292213451046e-03 2.498951349307439868e-02 7.409842760194605693e-02 1.073243876287581153e-02 1.063594247353636009e-02
9.545200000000000906e-02 -5.311672132920244177e-02 -4.580276686943485914e-02 -2.127093075919999493e-03 2.390879437046898592e-02 4.415292876723263954e-02
9.642599999999999782e-02 -3.307578234792120375e-02 -2.695662280024125473e-02 -7.680303564687555049e-05 -3.354486927938173796e-02 2.789551705200166501e-02
9.740000000000000047e-02 -3.089239867774407067e-02 -3.965434110689811109e-02 1.413768373486403579e-02 4.173803233567266457e-02 -5.196918509262513780e-02
9.837400000000000311e-02 1.606581798438471570e-02 -9.071724684769723324e-03 3.196572348559320598e-02 -1.302144148793041301e-02 -1.629608910578823336e-03
9.934800000000000575e-02 9.843110572283623669e-03 -3.077284559642646904e-03 -1.789896641803775598e-02 2.461038107281756857e-02 -8.940648752614860015e-03
1.003220000000000084e-01 -1.538319402837164812e-02 1.042611750015559960e-02 -4.647436604227241086e-02 7.676296379565206510e-03 -7.314223691662792050e-03
1.012959999999999972e-01 -7.594264169495984831e-03 1.961015416225321984e-03 -2.984662670863574147e-02 -1.596464978808734281e-02 -4.393633310975172956e-02
1.022699999999999998e-01 -1.100933239537716692e-02 3.465073473961034767e-02 -3.444095245299820529e-02 2.233851501719766233e-03 -2.656895010565245990e-03
1.032440000000000024e-01 3.253305074031521971e-02 -2.102340439311315562e-02 3.448996750966339814e-02 1.061130879387650345e-03 -3.804594388685843959e-02
1.042180000000000051e-01 -3.227729855919218155e-02 1.711531143560395679e-02 4.560765042654933710e-02 4.872039602570891331e-02 -4.832375063554387312e-02
1.051920000000000077e-01 -1.432568947755886654e-02 -8.508363938319366774e-04 1.492184925917833596e-02 2.450452398138313476e-02 -1.662285182946206252e-02
1.061660000000000104e-01 -1.597754860101387522e-02 -3.888431068363640275e-02 4.393196056314975506e-02 4.532586312847209503e-02 1.770238433175139181e-02
1.071399999999999991e-01 -3.821764039737934882e-02 -4.973039434558043474e-03 2.850399979529315980e-02 4.783380372933504661e-03 -2.969951253574903624e-02
1.081140000000000018e-01 2.338210579996413685e-02 -3.021346046537917371e-02 -9.102380757574318575e-04 -1.428914692655024708e-02 3.731264505495550388e-02
1.090880000000000044e-01 4.495437850586483236e-02 -5.745099303601890889e-02 -5.496006063011696016e-03 3.406282069245350486e-02 -1.165841761964581114e-02
1.100620000000000070e-01 3.888782474956225307e-03 1.675799595633007191e-02 8.665799776034575214e-03 4.145769368174339643e-03 6.772080588523540778e-02
1.110360000000000097e-01 -1.202997288737794358e-02 4.655015028615719364e-02 -7.726306832581286525e-03 -4.588595432011140229e-02 -1.736975383839905324e-02
1.120099999999999985e-01 2.463425023365765909e-03 -6.249869113130288902e-03 -1.121833516795034576e-02 1.109365870211159212e-02 -9.076797844056566991e-03
1.129840000000000011e-01 2.656178498207190097e-02 2.020816352010922773e-02 -2.617238419978038660e-02 4.685234195036533725e-03 -3.976484864524029716e-02
1.139580000000000037e-01 3.573019781950000778e-02 2.849223293939541837e-02 -4.267126844550166165e-02 7.782713413746737523e-03 -4.063063170891233200e-02
1.149320000000000064e-01 6.865632443085399952e-03 1.138098286285127610e-02 -5.064935613091997753e-03 -3.681193201017588651e-02 1.241957166138533443e-02
1.159060000000000090e-01 -2.611090169254806984e-02 -2.523169139033692651e-02 6.016183913029653219e-02 2.225902227089654115e-02 5.310454542806384085e-03
1.168800000000000117e-01 4.189728146370476705e-03 2.156338604274105758e-02 4.183078066171143361e-02 -3.445588611958349395e-02 -1.247375072883405607e-02
1.178540000000000004e-01 2.647700549833666844e-02 -2.993479516733096174e-02 4.040721936615988830e-02 8.172094924430488294e-03 1.606760558381483198e-02
1.188280000000000031e-01 2.889981555763450685e-02 -4.898016825188456630e-02 -6.799635428807393467e-02 2.089276511447935719e-02 8.204312249178322136e-03
1.198020000000000057e-01 -7.336710097166354583e-02 -2.974366977444106372e-02 -3.125173961707347625e-02 1.373624127570820773e-02 3.120248565072209629e-02
1.207760000000000083e-01 -1.750734368371346982e-03 1.482534479630843137e-02 -7.930762214776919394e-02 6.172222227532077332e-02 -4.630853242974216494e-02
1.217500000000000110e-01 2.086649627660669068e-02 -2.188205938515751584e-02 3.283498458138800480e-02 2.109500222120820265e-03 3.140652338945457839e-02
1.227239999999999998e-01 -3.369546616152583555e-03 -3.645914134243178738e-03 -1.430078971758617749e-02 -2.206083230300485282e-02 1.433245118869587616e-02
1.236980000000000024e-01 2.116815990508566850e-02 6.757505840717201173e-03 2.335623910686732488e-02 -2.396475926965838804e-02 -1.300457306384218692e-02
1.246720000000000050e-01 -1.253517800218858190e-03 -4.438397191817126247e-02 3.127946389592640986e-02 3.299421870941670470e-02 -3.526423262542316417e-02
1.256460000000000077e-01 -2.168879600245270881e-03 2.545441536085368134e-02 -5.421686237461607015e-03 3.785626716684611232e-04 4.174236190585756123e-02
1.266200000000000103e-01 4.925540407916629247e-03 1.986259811373202594e-02 -1.370687419100162160e-02 -3.980933537483200002e-02 8.626030039274923400e-02
1.275940000000000130e-01 -3.447808901263439436e-03 1.942335829972328173e-03 -1.197587410424784610e-03 9.221890958264047922e-03 2.090597496396965488e-02
1.285680000000000156e-01 -3.222382297095607168e-02 5.988941084247589863e-02 3.187486215637231474e-02 -8.993478013627488957e-03 -8.258104243857396221e-02
1.295420000000000182e-01 -3.307911544248310493e-02 -4.411011169049871422e-02 3.430883446972273886e-03 3.374228565816230624e-02 -2.167430130381779382e-02
1.305159999999999931e-01 -4.700201919100896290e-03 -3.531136031270604853e-02 -2.649936494903767925e-02 -2.712185647171492381e-02 -2.368885211989214118e-02
1.314899999999999958e-01 1.408001969599805871e-02 -1.179607538384782814e-02 9.895437875483800022e-03 -2.458903353699980893e-02 -2.903206863913006426e-03
1.324639999999999984e-01 -2.198304962000283136e-02 -6.662054979158457159e-03 -1.589843319697964354e-03 -1.727786119658959382e-02 -1.803560194664903873e-02
1.334380000000000011e-01 -5.524609037825382873e-02 -1.246667299214179910e-02 -3.443502797615236033e-02 6.521746000504103843e-03 -1.334202832086471037e-02
1.344120000000000037e-01 1.552496735705282717e-02 1.165941720609801717e-02 -2.885060382774478141e-02 2.210630437072801796e-02 -4.274959166721550678e-03
1.353860000000000063e-01 -1.806443145637948167e-02 1.090935878076004263e-02 -1.547737254512827204e-02 -6.897940965560238336e-02 -2.074415641696445226e-02
1.363600000000000090e-01 -1.628130030512497245e-02 -2.915119352179828399e-02 6.714806009718438974e-03 -6.329539515865023613e-02 -1.144235428236703433e-02
1.373340000000000116e-01 4.796020193476747268e-02 -2.656690680404472787e-02 2.913577464271902007e-02 -8.909753384751474894e-03 4.339201744771208763e-02
1.383080000000000143e-01 4.190208018184501254e-02 -5.493113082854011835e-03 -5.941693811736936670e-02 1.215303860158311981e-02 1.689830221166634810e-02
1.392820000000000169e-01 -3.631469834279359848e-02 6.455107303043402947e-04 -1.606718726778921802e-03 4.323502807405394527e-02 -4.696259958850117731e-03
1.402559999999999918e-01 -2.081995644922022409e-02 -2.680438540367668931e-02 -6.840669167299930596e-03 1.455129530270905976e-02 -1.748629078178054463e-02
1.412299999999999944e-01 -3.800389098599973869e-02 -3.231210680171551445e-03 1.770054418976843222e-02 4.004162282289078223e-02 2.160700896085412936e-02
1.422039999999999971e-01 -7.410266157463457192e-04 -4.744414536182518100e-02 1.189554857660540116e-02 3.774738289382489898e-02 2.041898320710869297e-02
1.431779999999999997e-01 -2.823063830777139058e-02 6.356710627990072582e-02 -1.411950371991399673e-02 -1.586135789405877794e-02 1.660873245843104071e-02
1.441520000000000024e-01 9.251413959823474170e-03 -5.958288946437903695e-03 2.341952755570823191e-02 -1.465791352984879663e-02 -2.576212385256304864e-04
1.451260000000000050e-01 1.975855788663272855e-02 1.789336133315404948e-02 -3.287997637197510176e-02 -1.739556740554899425e-04 3.119949393941789245e-02
1.461000000000000076e-01 8.555535442381677694e-03 2.986528552621178778e-02 1.939182019442663044e-04 -2.057758741699225458e-02 5.420443088718316510e-02
1.470740000000000103e-01 1.763850220817564374e-02 3.567582867690425458e-02 3.847725887926026905e-02 -9.237571123649167271e-03 1.082002721047377672e-02
1.480480000000000129e-01 1.301624038884434745e-02 2.366812443071341157e-02 -9.344079042067974031e-03 -1.012788462846556450e-02 -1.600875268227182693e-02
1.490220000000000156e-01 -2.844544199380959551e-02 5.318274534951258903e-02 2.089828719788976424e-03 -1.177453742883666048e-02 -2.156169615135090575e-02
1.499960000000000182e-01 -1.508398196531695636e-02 5.318102919633388437e-03 1.048997252920040764e-02 -3.339659188404554141e-02 -7.704960920908375879e-03
1.509699999999999931e-01 2.530422124695489577e-02 7.246217806082253139e-03 -2.009491754790739687e-02 -2.333537677334523303e-02 2.952387353998407390e-02
1.519439999999999957e-01 2.446772401477318587e-02 -3.040156579960937369e-02 -1.329613709979436328e-02 4.251825979021555540e-02 -2.719967626052219312e-02
1.529179999999999984e-01 -2.790690299313878988e-03 -1.931302272890599026e-02 -1.554168899265097846e-02 3.369150902883520128e-03 -2.254988127481846738e-02
1.538920000000000010e-01 -1.996116457014835907e-02 -2.729005907849026916e-03 5.226090715926751118e-03 3.764335650770259459e-03 -1.918170657897996789e-02
1.548660000000000037e-01 -1.257230196232911150e-02 -2.621934606021566333e-02 4.385436585561235806e-02 -2.431710739437408994e-02 -2.152444624655848113e-02
1.558400000000000063e-01 1.405779698339790565e-02 -1.057785671800948180e-02 2.947460549937238466e-02 -1.000203823228596085e-02 -5.283167899601505513e-02
1.568140000000000089e-01 5.143200507383934028e-02 -7.313401232054161233e-03 1.589724969942415619e-02 -1.624341561938306630e-02 -4.538173634637655135e-02
1.577880000000000116e-01 3.722448969491210652e-02 -1.148580351361821322e-02 -3.117227366127149190e-03 -2.929739852657196192e-02 -1.636810875736089549e-02
1.587620000000000142e-01 -1.217350990632370088e-02 -2.986621058021643807e-02 -7.324802898410148755e-02 1.757173661360543482e-02 -4.312682715384212606e-02
1.597360000000000169e-01 3.046409110112742805e-02 5.870735048948928780e-02 -2.133757504023822693e-02 -1.440676315169689067e-02 -1.999857432187737358e-02
1.607100000000000195e-01 2.908567116164539543e-02 -5.180524725143270670e-02 -3.542659324813516447e-02 -1.661548442964682400e-03 -9.166631915325662225e-03
1.616839999999999944e-01 -5.900786610434373414e-02 5.964994258304314942e-03 -6.989257237881538187e-02 -1.436334709972872554e-02 6.955850316056153004e-02
1.626579999999999970e-01 -3.577310152921058667e-02 -4.010761238895649977e-02 -1.002513470720777476e-02 1.298340046937131414e-04 1.255686281708450099e-02
1.636319999999999997e-01 -9.084826037794034234e-03 -1.014295660498549384e-02 1.187974579210906729e-03 -3.685311398701231894e-02 1.070329244632938761e-03
1.646060000000000023e-01 1.184834548022464795e-02 1.438287380905572260e-02 -4.163290410591159035e-02 4.093832366958794627e-02 -3.955348976811967621e-02
1.655800000000000050e-01 -4.545613944259101029e-03 2.242544981697107767e-02 -4.953665233010325769e-02 -1.263907307018033097e-02 -3.386388755229742076e-04
1.665540000000000076e-01 -1.595093476673289240e-02 1.109014621355946259e-03 -4.404579852199165535e-02 8.078935399971481912e-04 -9.433944815068245199e-03
1.675280000000000102e-01 3.156759676339739029e-02 5.371901307761385580e-02 -1.502919481125699654e-02 -2.132342015326142010e-02 2.450438877737676040e-03
1.685020000000000129e-01 -2.100060650942200263e-02 -3.574980210386320689e-02 -4.042540848284322842e-03 2.211303750290389072e-02 -3.555168393600835995e-03
1.694760000000000155e-01 2.350402094858728905e-02 2.424245328488362078e-02 -3.512594009756292435e-02 2.245960165710594522e-02 1.561452065625977548e-02
1.704500000000000182e-01 3.314860385163517081e-02 -2.010381672606063874e-02 3.050066923994803128e-03 -3.466614645281277524e-02 -9.620728765447035882e-03
1.714240000000000208e-01 1.346936782216460668e-02 -1.178065379998604820e-02 3.292682591038026407e-02 2.158205838581819108e-02 -1.201172953862960496e-02
1.723979999999999957e-01 9.960126661940396295e-03 2.479203316803014340e-02 3.853487831132280245e-02 -2.919548884683605822e-02 -4.062580269807920808e-02
1.733719999999999983e-01 -1.393856341992205823e-02 1.469036755982438928e-02 -2.002087100423683569e-02 -5.613287474524767361e-03 6.692334135751516234e-03
1.743460000000000010e-01 -4.024848526911535551e-02 1.541150296306094403e-02 -8.001146068665211317e-03 -2.585695649138806344e-03 -1.349896930175257083e-03
1.753200000000000036e-01 -2.610698985948063655e-02 -3.631356095552649293e-02 2.336560331830259823e-02 1.045782839497759811e-02 -5.076657847525908179e-02
1.762940000000000063e-01 1.483152614611216256e-04 -4.069747681087166474e-02 -1.893305960883371469e-02 7.313970343260731838e-03 2.965279023046489201e-02
1.772680000000000089e-01 -6.842017430373732723e-02 -2.343630908414990471e-02 -2.024860357868232472e-02 -2.156697570511946493e-02 4.853474641115464866e-02
1.782420000000000115e-01 -3.607994178120239870e-02 -2.576593723331730562e-02 -1.372206039894885259e-02 2.461055377494714494e-02 2.633353582617434588e-02
1.792160000000000142e-01 -5.454983496024828904e-02 4.372099301641767938e-02 7.000092657517860764e-03 -1.265472871510051923e-02 -2.966670197093789624e-02
1.801900000000000168e-01 2.566318969384828643e-03 7.204595311183246108e-03 -1.532085905956928618e-02 1.186222878872371551e-02 5.008967278437389051e-03
1.811640000000000195e-01 1.336686412200103168e-02 -1.044171966830146139e-02 1.994084165635487058e-02 -1.148547253887376336e-02 1.515023810392658902e-03
1.821379999999999943e-01 -4.204541696258781019e-02 6.881485897858051481e-02 -9.305372539825581060e-03 -9.968602323999454021e-03 -1.462429177113058233e-02
1.831119999999999970e-01 -3.173753368610233300e-02 -1.599757303868408390e-06 1.330739666733710136e-02 -1.875816296928790525e-02 5.857285197148763556e-02
1.840859999999999996e-01 -1.074077025398035429e-02 1.204555899733326246e-02 9.819457044495360706e-03 -2.253960354240130623e-02 1.253894456132350309e-02
1.850600000000000023e-01 -4.258314597377524380e-02 -4.633684159029329702e-02 4.067567399825810365e-02 -1.706202669223633867e-02 1.149398821504245792e-02
1.860340000000000049e-01 3.207644155247559026e-02 -9.369337935128365519e-03 8.053343668402115907e-03 1.939489970484613995e-02 -1.163728974150720491e-02
1.870080000000000076e-01 2.791537362208569920e-02 2.160471199463899483e-02 -8.827890426873381824e-03 2.545566030754879347e-02 -1.142994862214034369e-03
1.879820000000000102e-01 -1.318982152324962506e-02 -1.463252802181767322e-02 -2.679655242275184521e-02 -3.946329396550467099e-03 -6.897212265254505648e-02
1.889560000000000128e-01 -3.263365603245673308e-03 1.506586912086409907e-02 6.007502920347708268e-03 -2.234246911829695231e-02 1.780711459580504308e-02
1.899300000000000155e-01 1.417303069518849150e-02 8.799740979325612264e-03 2.295639963271205522e-02 -1.954195245238477679e-02 2.579668621598722733e-02
1.909040000000000181e-01 1.110925826607900638e-02 5.357447623385491655e-04 1.801881443521583090e-04 -1.662466991548246231e-02 6.978925811005383048e-03
1.918780000000000208e-01 -4.726151105551041481e-03 -3.897593596905857966e-02 -1.702765458036838240e-03 -3.734970522443160218e-02 9.724057483478690603e-03
1.928519999999999956e-01 -2.790674297772901755e-02 2.957599361723095913e-02 1.627754561740525976e-02 1.401819860371911544e-02 4.755303600965021804e-02
1.938259999999999983e-01 1.271794755711157764e-02 1.820457230121274098e-02 9.529554796463326691e-03 -2.842761215891900783e-02 6.708323865462456626e-02
1.948000000000000009e-01 1.502706144276672214e-02 -5.766052906527686928e-03 -8.208932441921001910e-03 -4.777971977294316434e-03 3.107396162123711447e-02
1.957740000000000036e-01 1.887129231940032695e-02 -3.695228794244219406e-02 -3.991481417073657056e-02 -3.039423843207366208e-02 -5.907724726802932730e-02
1.967480000000000062e-01 3.033532237201651272e-02 1.796625698947074959e-03 -2.691357432018166504e-02 -4.203426011362235842e-02 5.072891899449311764e-02
1.977220000000000089e-01 -4.316683478044208711e-02 1.740085720321080456e-02 -3.207285567844393292e-03 1.532932727954648038e-03 -2.823319776800220851e-02
1.986960000000000115e-01 -1.814888271818899951e-05 -1.933579302569796154e-02 -2.541061872455375320e-02 3.555029166106937061e-02 -1.843463907915650346e-02
1.996700000000000141e-01 2.060119591562684094e-02 -6.545326178823990260e-02 -1.813291166291425630e-02 2.356166874374639522e-02 -1.254059162052448273e-02
2.006440000000000168e-01 -4.771607738618397973e-03 1.209603083116385716e-02 -2.716988558485877378e-02 -5.365216666687302322e-02 -1.498056366879888662e-02
2.016180000000000194e-01 -4.872824806188284091e-02 4.333356464970938501e-03 1.960797903156809990e-02 1.851149382755610043e-02 2.798142271749485405e-02
2.025919999999999943e-01 -6.560471610968521272e-02 -1.258792345296705535e-02 -2.766932590810820131e-03 5.055069310090154477e-02 -1.286621952334692474e-02
2.035659999999999969e-01 -4.597135302439545740e-02 1.528509936704073625e-02 7.431432077321712369e-03 -3.959323624764197330e-02 3.073792050146752219e-02
2.045399999999999996e-01 4.761499616352953684e-02 1.129724130833847755e-02 6.810349172111743524e-03 1.381992034084051496e-02 3.849848757669334376e-02
2.055140000000000022e-01 -1.552936209399674757e-02 -2.205445331667212419e-02 -1.270242505756982547e-02 -8.709840342484887615e-03 1.321219453793494834e-02
2.064880000000000049e-01 9.368159653893200906e-03 -1.655044753145825526e-02 1.753345827747062463e-02 2.298133930047998458e-02 -2.460562744583180000e-02
2.074620000000000075e-01 -5.531242334443735309e-02 -2.125994428024067379e-02 3.277077369572781868e-02 -8.750464703221621024e-03 -1.468841857874307252e-02
2.084360000000000102e-01 -5.689787055268070472e-03 -1.264706946638739435e-02 4.262702307942461272e-02 -2.726207277252697472e-02 -2.324750864925322416e-02
2.094100000000000128e-01 -3.259864103274907887e-02 -1.502498501425766908e-02 -6.598422608639025952e-03 -5.777163937654906239e-02 -3.188098480736197265e-03
2.103840000000000154e-01 2.448124691810066311e-02 2.484088145363274117e-02 -1.380281540195386902e-02 6.594331170438754407e-03 -2.969939692224019684e-02
2.113580000000000181e-01 -1.114462936066245961e-02 -7.901268569119582544e-03 -2.724762632212186786e-02 -3.181022236317227435e-03 -4.303816694492413469e-02
2.123320000000000207e-01 2.543241076512276974e-02 -2.343528190467679406e-02 -1.532542244776036048e-03 -1.714998064385938117e-02 -2.909837882173077137e-02
2.133059999999999956e-01 -4.108442311631286224e-03 3.797064484021976660e-02 -2.150409877197894185e-02 -2.812791970586041041e-03 -6.767616464052605973e-02
2.142799999999999983e-01 -3.145678935990012942e-02 -9.205471693176444856e-03 2.236073531260858102e-02 -2.045126974485785704e-02 1.347099387483399399e-02
2.152540000000000009e-01 -1.006548164890683217e-02 -1.208270998379611973e-02 2.477513229609154891e-02 1.974687423854624285e-02 1.686146610982873148e-02
2.162280000000000035e-01 -5.066794822483252844e-03 9.965811989783591660e-03 -1.672401408560202432e-02 -2.742194575702901552e-02 1.996059270150499568e-02
2.172020000000000062e-01 2.301412176684657432e-02 -2.166774420904281004e-02 4.752477607969195217e-02 3.683246468832854920e-02 2.716362105218828385e-03
2.181760000000000088e-01 2.439467235512198309e-02 -2.310170016478101801e-02 -1.842271752615433703e-02 1.529133155359180436e-02 4.259724557887557828e-02
2.191500000000000115e-01 6.645757169817601007e-02 3.555218000757493640e-03 -1.331750306303729030e-02 3.899421753289611489e-04 -1.053247897558515569e-03
2.201240000000000141e-01 1.536778319285973457e-02 -1.458884920585211756e-02 2.476725466192093716e-02 -7.696776832936839084e-03 -3.030635975553754025e-02
2.210980000000000167e-01 4.377900759413053122e-02 -2.651539993049121385e-02 -1.014931013621171892e-02 1.869916174073648490e-02 6.920906368767561212e-02
2.220720000000000194e-01 3.050782433679967084e-03 1.069053072539301319e-02 3.360466112561496382e-02 6.884551948470155752e-03 7.828287489908298136e-04
2.230460000000000220e-01 2.641345843569003950e-04 -2.705176902126702962e-02 2.004458245162985333e-02 1.935958383533971372e-02 -1.039997003450941239e-02
2.240199999999999969e-01 2.302501956247397438e-03 -1.877017369306006184e-02 -1.750695367322150850e-02 6.317316429636150865e-02 -6.251517434278679695e-03
2.249939999999999996e-01 -1.227293515947754272e-02 1.170502703161876296e-03 8.091501188092961041e-05 -1.423118971548181094e-02 -1.720146451687276298e-02
2.259680000000000022e-01 -1.297157210642591431e-03 2.477580398415961740e-02 -4.491529948362569385e-02 5.408767408636129363e-03 -3.054177997817402943e-02
2.269420000000000048e-01 3.709485400073193190e-02 9.850732420447073923e-03 -1.181001691715332681e-02 -9.435741513126729568e-03 3.920576453529481600e-03
2.279160000000000075e-01 1.445881042778330954e-02 -7.684128443765568701e-03 8.125965513927534828e-03 9.097762853630342317e-03 7.952584364158795521e-03
2.288900000000000101e-01 -1.371586516343958548e-02 1.686547619887090663e-02 -4.826651362904228054e-02 -1.471797084504025341e-02 -1.815514236201724169e-02
2.298640000000000128e-01 1.372643020572823823e-03 4.613480355942264910e-02 -7.143876486344692342e-03 5.330298755925918890e-03 -4.472980237022788214e-02
2.308380000000000154e-01 2.852488867627892694e-02 3.059839680082288710e-02 7.165784232926275532e-02 -2.291556676289884052e-03 2.127298338507908892e-02
2.318120000000000180e-01 6.521880070162382192e-02 6.725274058251035081e-02 -5.293062579960229434e-03 -8.842428337053013371e-04 9.214517609944445839e-03
2.327860000000000207e-01 -2.305611198546175800e-02 5.382595678044321819e-02 -3.368641380689168380e-02 -3.425498672122093136e-02 -2.447338746189696435e-02
2.337600000000000233e-01 -1.003297007688825704e-03 1.865548946926808092e-03 2.490296360909917059e-02 -2.463412425408612744e-02 -3.892295818369559401e-02
2.347339999999999982e-01 -2.694243455896682196e-03 -1.600416886150047430e-02 -1.746323371925946957e-02 -2.410106016762815495e-02 1.064120124174024185e-02
2.357080000000000009e-01 1.442366385873239051e-02 -6.552324588400366967e-02 1.119348451851000406e-05 1.371587823258350880e-02 -2.800346858297890137e-02
2.366820000000000035e-01 -7.024781069113431465e-04 1.072072612828178437e-02 2.017728627026585050e-02 -3.590992036509622898e-02 -2.408871746211136908e-02
2.376560000000000061e-01 4.997616866463139296e-02 -2.952644189781131190e-02 1.989981305886450932e-02 -4.209634264635821362e-03 1.164585581030923127e-03
2.386300000000000088e-01 4.688890233434528897e-03 -1.585875399843529251e-02 -3.048558358907469887e-02 -8.686946617355582531e-03 -1.404383020434804910e-02
2.396040000000000114e-01 2.520700233284441094e-02 -4.744494966827781518e-02 1.029638749710837069e-02 1.608116100859914924e-02 -3.356705413802180821e-02
2.405780000000000141e-01 -3.905579779866307638e-02 -2.178361837021765279e-02 8.357719593562599678e-03 -1.216583929824747827e-02 4.136115768166310352e-02
2.415520000000000167e-01 1.200762753999998385e-02 -5.203797758199281420e-02 3.757240505316742502e-02 -1.984795121349392996e-02 7.868432299750580117e-02
2.425260000000000193e-01 2.024177426988314418e-02 3.120575556344757848e-02 1.473085748146945803e-02 -1.546525908375309417e-03 8.552611308149811117e-03
2.435000000000000220e-01 9.830192243546241951e-03 -1.259781131427075394e-02 2.235559624621236488e-02 4.229134483706226827e-03 -8.755994215499645489e-03
2.444739999999999969e-01 -4.182196195526684951e-02 -5.482466028891076239e-03 -1.818279691888811944e-02 5.195233088308237601e-02 2.890696612264879854e-04
2.454479999999999995e-01 3.123382182485591810e-02 3.933706005556834862e-02 -1.280863483269168313e-03 7.157661165018140703e-03 -1.387163965773143340e-02
2.464220000000000022e-01 -1.696423637596580769e-02 -1.268626756531829672e-02 3.629554041018104305e-02 -2.435423562321860705e-02 -4.115164860185223372e-02
2.473960000000000048e-01 8.599335270568197673e-03 1.214280920023998178e-02 1.643038959762338491e-02 -2.849497138282897166e-04 -2.079071063341559038e-03
2.483700000000000074e-01 -1.563378468801943089e-02 4.635669521693817213e-02 3.464969985709179939e-02 1.702609971542588460e-02 2.859767058175295001e-02
2.493440000000000101e-01 -4.932559374727162049e-03 -3.335919050591205394e-03 2.784169149331840870e-02 -1.221465072977967123e-02 1.793456673856493044e-02
2.503179999999999850e-01 -1.540081472456717414e-02 -2.698533831606532082e-02 -7.201356280702764755e-03 -7.641381592725871030e-02 -2.543966079204215344e-02
2.512920000000000154e-01 -2.619844467047288683e-02 -2.214764016522908704e-02 5.001968874227007839e-02 5.918587139221886083e-03 3.275861239068105640e-02
2.522659999999999902e-01 -1.786622757103851480e-03 -1.464452963753591283e-02 2.253587625992407861e-02 -3.338857423114232649e-03 3.783815572747133843e-02
2.532400000000000206e-01 -1.269435028790749653e-02 -2.763285061432997278e-02 5.303294256488423446e-03 -4.120432490900049344e-02 -6.320509128367136908e-02
2.542139999999999955e-01 1.000172279654290564e-01 -1.582206984821926980e-03 1.401488819232072150e-02 1.846442472397926207e-02 -1.521065191711392858e-02
2.551880000000000259e-01 -2.030593905684917669e-02 6.622920232554016517e-02 8.064470109174784462e-03 1.392577693834362758e-02 9.693472230971781484e-03
2.561620000000000008e-01 -3.565699803095394305e-02 1.103540158487213187e-02 -1.529734624394649828e-02 -3.378765793348303959e-02 1.733787298912077210e-02
2.571360000000000312e-01 -1.799143331505079213e-02 -5.063709641644208691e-03 1.775667823170790083e-03 2.559026675130161854e-02 -1.461067906421520748e-02
2.581100000000000061e-01 -8.333360301028295766e-03 2.020940239162271820e-02 5.045610374399840843e-03 -2.148310392983780043e-02 -1.880382533584665922e-02
2.590840000000000365e-01 3.489040149066876401e-02 6.108981593788928924e-03 5.602493539619442242e-02 -1.256338604661567590e-02 4.525630968838080179e-03
2.600580000000000114e-01 6.264771354703251027e-02 -3.209365230643333039e-02 -1.957243970127020560e-02 2.968462171111208719e-02 1.964847786134718121e-03
2.610319999999999863e-01 2.124351567863517684e-02 1.522627983615757775e-02 2.814216501081526906e-02 2.059983722718274068e-02 -1.575720823139666396e-02
2.620060000000000167e-01 -1.643169603283308258e-02 -1.681273507730570577e-02 2.408022243778068852e-02 1.434562751051102073e-03 7.980149293451371459e-03
2.629799999999999915e-01 -9.681325110227477493e-03 -3.591227866041065472e-03 -1.709645353257819439e-02 -3.340498122611500892e-02 7.926122346424731638e-03
2.639540000000000219e-01 -1.653324515611200030e-02 3.267728181894535844e-02 2.947261492309707215e-02 -8.229542396652113345e-03 -2.554114474207092034e-02
2.649279999999999968e-01 2.153466219023212821e-02 3.969398119251299657e-03 -4.440934227630630865e-02 -5.895060181148671294e-03 -2.011436001153158598e-02
2.659020000000000272e-01 -3.895868883569662822e-02 1.946743056937529082e-02 5.366989610451886050e-03 2.021251358100777454e-02 3.184589762793001155e-02
2.668760000000000021e-01 -2.666954456212919031e-02 2.652389348110555101e-02 3.784600231839716639e-02 -4.510259402230366865e-02 -1.386807403410548513e-02
2.678500000000000325e-01 -1.465478697002455845e-02 -1.845705150403157205e-02 -3.541526568320762440e-04 -6.409486543335216058e-03 5.844340344241125140e-02
2.688240000000000074e-01 -7.192589719225945394e-03 1.316645165284178673e-03 5.204561035516750041e-03 6.514701816417835245e-02 -1.499716151507639664e-03
2.697980000000000378e-01 -1.547206387400977892e-02 -6.027044992821192076e-02 1.150766510707697775e-02 2.034129053886298000e-02 3.559034420867337317e-02
2.707720000000000127e-01 2.356063284922345954e-03 1.287328073903593051e-02 -1.071333862464351333e-02 -4.911258092832155447e-02 -7.870199751827555712e-02
2.717459999999999876e-01 5.484603905359773483e-03 -1.572584599837294900e-02 8.587626569804965911e-04 -1.665476879184956197e-02 1.950046527374837968e-02
2.727200000000000180e-01 -1.749507341848904191e-02 -9.004020318893359368e-03 5.880565674607912696e-05 -1.502947593001875606e-03 1.676166933016284832e-02
2.736939999999999928e-01 4.618603058139596901e-02 -1.366744647520776873e-02 1.667087853762826491e-02 -2.824677634910922885e-02 -2.463958634563241309e-02
2.746680000000000232e-01 3.379167717673395993e-02 -3.947094714448922716e-03 -1.712128574036361067e-02 2.343934657126253707e-02 -1.093437824458726691e-02
2.756419999999999981e-01 5.161745791081475201e-03 -3.554641084130017586e-02 4.044364034038784583e-02 -1.478405555257786101e-02 -1.361566580862591698e-02
2.766160000000000285e-01 3.713964030765304347e-02 -3.221330157153767110e-02 -2.811648586059851268e-02 -2.206680243972756333e-02 -4.160558430553015080e-02
2.775900000000000034e-01 -1.611807196466270159e-02 1.055082092162274408e-02 1.496621345841258255e-03 1.610025415865604104e-02 4.265918313615494478e-02
2.785640000000000338e-01 -9.810020152194461052e-03 -2.854680503483158355e-02 4.582982211168740855e-02 -2.218227548422228856e-02 2.125827146446896895e-02
2.795380000000000087e-01 2.205744459083981007e-02 -4.737369489628294461e-02 1.690484928998007425e-02 2.484124308732769959e-02 1.956732058335569971e-02
2.805119999999999836e-01 -1.655639196499812671e-02 -3.339463928096063523e-04 -1.998196054943291930e-02 2.519075905383163713e-02 -8.132071467455558034e-03
2.814860000000000140e-01 1.180020946216717680e-02 -2.278097970943010649e-03 1.908093092134433011e-02 -1.950217465785332796e-02 -1.326408241532767152e-02
2.824599999999999889e-01 -6.921239558875937059e-02 2.854429174187754492e-02 -3.046468905073399999e-02 7.708974117978315867e-03 9.419548073086663267e-03
2.834340000000000193e-01 1.103146521770462718e-03 -2.557277872815738682e-03 -4.633437830391561735e-03 -5.487306766779413009e-02 -3.023499115179299063e-02
2.844079999999999941e-01 -2.560940978724968523e-02 5.181237200770589466e-05 2.303037339081387413e-02 2.501287589361913047e-02 8.309536099736612377e-03
2.853820000000000245e-01 1.388036531140842550e-02 5.992836865513389774e-03 -6.583404988608505988e-03 -4.403743077950607321e-02 3.268338577488686530e-02
2.863559999999999994e-01 2.419022807926316659e-02 -2.660886977021914915e-02 -3.081330360294932957e-02 7.820365488906666149e-03 -6.091222526593994407e-02
2.873300000000000298e-01 5.857832378527764311e-02 4.989542301604417245e-03 6.871881841513825459e-04 -6.923615012836527131e-03 -3.041591357747077534e-02
2.883040000000000047e-01 3.246810184392270177e-02 1.459512633191410898e-02 2.697508239818066297e-02 -2.924273657203961194e-02 -9.113206871041090382e-04
2.892780000000000351e-01 4.211885653286860653e-02 -3.994403009362782614e-02 -2.973146605363106640e-02 -1.106533768470834532e-02 2.824298461522196588e-02
2.902520000000000100e-01 -3.319059724035572367e-02 4.868902116445437273e-02 5.548265436892083416e-03 -6.523114474272474587e-03 -1.549488746306011688e-02
2.912259999999999849e-01 -6.647058498471372645e-03 1.031049898143932171e-02 -4.382706024391916366e-02 -9.497791307675512024e-03 2.666260442574534817e-02
2.922000000000000153e-01 -5.069315735270759488e-02 1.014057240526961869e-02 3.102986350919374053e-02 -5.570762645576191746e-02 1.546312947597563471e-02
2.931739999999999902e-01 -6.874141649441870006e-02 4.662386771956551074e-02 -5.374235865061573192e-02 8.500202474417274667e-03 2.939628335507921825e-02
2.941480000000000206e-01 4.805462838125004223e-03 1.246560032049900957e-02 -3.799512647698101431e-02 4.650678286649343254e-03 -7.927721026543170860e-03
2.951219999999999954e-01 -2.903939971895963881e-02 -6.142827323152788392e-03 -3.668173090073691828e-02 3.209050707973262057e-02 4.909770248445996521e-02
2.960960000000000258e-01 4.072173432696608864e-02 -2.730597367492342692e-02 -2.408536506695155288e-02 -1.481905828145248759e-02 -3.732542549115135805e-02
2.970700000000000007e-01 7.260390564758576089e-03 1.928308703774029784e-02 -1.836238809360979732e-02 4.113102818272849209e-03 1.713335993244340799e-02
2.980440000000000311e-01 8.681447860381587278e-03 -2.181736688700308680e-02 1.221752977819577125e-02 4.128225256766807072e-02 7.332020113921780720e-03
2.990180000000000060e-01 -5.406782216986735778e-02 1.766230052777991583e-02 -9.781130162623167396e-03 -1.739730230127216337e-02 3.000986952984008652e-02
2.999920000000000364e-01 -3.931944350053730164e-02 4.436849803731628128e-02 -5.835504964194909716e-02 8.525689573113646308e-03 4.248278427589419898e-02
3.009660000000000113e-01 1.212019639602503890e-02 -5.673148923732143113e-03 2.932583382349610371e-02 4.219744620823964731e-02 -4.754773376744576840e-03
3.019399999999999862e-01 -8.068930827750861109e-03 -8.788975655332958992e-03 -2.440290642894052744e-02 1.509782944641517403e-02 -7.034849285421525961e-03
3.029140000000000166e-01 1.940213708054753725e-02 2.496873985811069382e-02 -2.578358615893996952e-02 -3.658952757290814817e-02 -1.234728117639046115e-02
3.038879999999999915e-01 3.168063782800683431e-02 2.968228363508700063e-02 -6.947220890921610402e-03 -1.294043394752586104e-02 -7.863918184566024913e-03
3.048620000000000219e-01 -2.108648645154835230e-02 -1.180718053080632469e-02 -1.984028250678201641e-02 2.364271484636054632e-02 -4.425556293639099081e-02
3.058359999999999967e-01 -2.361624277594085233e-02 -3.040187353721513202e-03 4.429739022703436252e-02 4.472692492855150775e-02 5.276331092718731380e-02
3.068100000000000271e-01 1.284741100896918085e-02 1.672627907965412155e-03 -3.984222678852797350e-02 6.138253631068525673e-02 2.377635617696541651e-02
3.077840000000000020e-01 3.242162360845035965e-03 3.330906243556523271e-03 2.108692287378774802e-02 3.888497203404257113e-02 -8.373550371361121328e-04
3.087580000000000324e-01 -1.738655463454732639e-02 9.653440136618101491e-03 -1.036274754196568268e-02 -2.334747645636876812e-02 -2.900770197093604022e-02
3.097320000000000073e-01 5.960368444407138783e-02 1.103343655917114752e-02 -6.648272372835171799e-03 3.571422976652233790e-04 -2.306833674153930744e-02
3.107060000000000377e-01 -2.080306010522885857e-02 -1.884994843698276079e-02 5.553826103654829760e-02 4.695783901651173070e-02 -2.785770694149658500e-02
3.116800000000000126e-01 -1.121439055578046448e-02 -5.267564137931021045e-02 -3.495630634459421376e-02 2.903465280918600053e-03 -9.616435692039539823e-03
3.126539999999999875e-01 -7.932828542730956806e-03 9.674336548973063582e-03 1.359889641089109119e-02 4.251153167245554088e-02 2.483313539416898488e-02
3.136280000000000179e-01 -9.038801407128203499e-03 4.731296445317103444e-02 3.105632223313553944e-02 -9.873716968868741575e-03 5.438420146980969122e-02
3.146019999999999928e-01 -6.262652482675751253e-02 -2.793667292224632018e-02 4.587883544998755392e-02 -1.763161965627109418e-02 8.372116740713865871e-03
3.155760000000000232e-01 1.858098383464050485e-02 1.508716995685305436e-02 -5.671755470045252399e-03 1.842093534153647905e-02 -6.428413258278407871e-02
3.165499999999999980e-01 2.915459495257098979e-02 3.027765560686229186e-03 -9.461325290477351838e-03 1.066237888533927078e-02 1.447396506648033696e-02
3.175240000000000284e-01 -2.113642918411711043e-03 -2.191363488423014524e-02 -1.943579684111225100e-02 1.094325640652396396e-02 -1.521245737641634468e-02
3.184980000000000033e-01 -1.879474640938966559e-02 -2.214606621863120239e-02 -8.393949438910898453e-03 1.320184613775494042e-03 5.608034670593751991e-02
3.194720000000000337e-01 -2.966304949879800673e-02 -3.498282677996403245e-02 -2.375161731120987996e-02 2.018439009816885149e-02 1.776499319100384097e-02
3.204460000000000086e-01 -2.584730074887642889e-03 -6.253340680628566295e-02 -1.030538380343283024e-02 -4.294291983877021948e-03 3.693461435778092050e-02
3.214200000000000390e-01 -2.705712043943285516e-03 4.250532322414875622e-03 4.414088908598363253e-02 -1.770423286611167921e-02 -3.595207826162991754e-02
3.223940000000000139e-01 1.938119574749950363e-02 -4.356614973858436574e-02 -1.971917369314795179e-02 -5.284298069840309697e-02 1.516520208964149651e-02
3.233679999999999888e-01 -1.150258165675355909e-02 4.275927291778629236e-02 1.416834698535077847e-02 3.359418198961709040e-02 -1.259695427664293994e-02
3.243420000000000192e-01 1.217356937738565958e-02 3.247519690701451689e-02 1.839340973343175228e-02 1.237760329060634719e-02 -9.810610682442892985e-03
3.253159999999999941e-01 4.314166481729925923e-02 5.356029159668949241e-02 -4.323164651464421471e-02 4.556884812883243291e-02 -4.299392940636186100e-02
3.262900000000000245e-01 1.488990675896635814e-02 2.806333755213252096e-02 -2.251561516561365398e-02 -1.019099583978529469e-02 2.071198687504545791e-02
3.272639999999999993e-01 -9.632841151184000708e-03 7.119355135105427668e-03 -2.573470174653421511e-02 -2.048624562766434339e-03 -3.316633810302385688e-02
3.282380000000000297e-01 9.106314518684429510e-03 5.496115154986711167e-03 3.116742564227554038e-02 -8.935202088879360197e-03 1.922810637636290787e-02
3.292120000000000046e-01 -7.765779446189745956e-04 5.239521787812330411e-02 5.101406585470679052e-03 6.837089229008538882e-03 1.373484574745073919e-02
3.301860000000000350e-01 2.508927839315605243e-02 2.034757526117390858e-02 -3.901598247351509546e-03 -7.950071664305036201e-02 -4.468886168448405610e-02
3.311600000000000099e-01 -1.516773683759637358e-03 8.675033141783498533e-03 1.973138615422468170e-02 -1.672256711810624075e-02 -1.975288655243298205e-02
3.321340000000000403e-01 4.688211335127693419e-02 -6.272840553726169964e-03 -2.288092673405467403e-02 9.125144217276656700e-03 3.252096439931120853e-02
3.331080000000000152e-01 2.482665337401927103e-02 -2.543964457785306138e-02 -1.190206381652811861e-02 6.431374457884469174e-03 -3.505294568409630940e-02
3.340819999999999901e-01 -2.217599902029052800e-03 2.684023616864211412e-02 1.928678584224425771e-02 -8.610514157474324914e-03 2.642897191109747426e-02
3.350560000000000205e-01 1.037747612146909179e-02 -5.316927902722692195e-02 4.629502361409350286e-02 3.849438354794805506e-02 9.160188986346127701e-03
3.360299999999999954e-01 -1.189649718829798204e-02 2.819740452107470999e-02 -2.327609230475755249e-03 1.028300927663082205e-03 -2.093173754079914739e-02
3.370040000000000258e-01 2.065372268719208038e-02 2.190892023840221650e-02 -2.686348388479214803e-03 3.718157944569322471e-02 -1.744944273615350525e-02
3.379780000000000006e-01 -1.839484872317741866e-03 -1.485487966866703979e-02 -5.159346236119369961e-02 -8.787077987738431753e-03 3.371086518813723454e-02
3.389520000000000310e-01 -5.473438134604493091e-03 -1.431527740141375418e-02 2.263196550443090718e-03 -2.629160484794688512e-03 -4.424156439280990324e-03
3.399260000000000059e-01 3.206319039034979945e-02 -5.418629104148284942e-02 -1.710274304295658285e-02 -2.384432528040924398e-02 -3.624055448446680122e-03
3.409000000000000363e-01 9.953921582950392075e-03 5.270654240646480831e-02 -1.322581951176824387e-02 6.016365818984671827e-03 -4.280682145253409537e-02
3.418740000000000112e-01 1.646086199888138410e-02 -1.763040454853271157e-03 4.612262041096593795e-02 3.342987186749565159e-02 -3.390526175893980587e-02
3.428480000000000416e-01 1.534759648220523909e-02 -5.079145445178930712e-02 2.355048333809402206e-02 -2.330998682244531800e-02 -4.955279292321726654e-03
3.438220000000000165e-01 -3.597872156752095207e-02 4.260762787687404768e-02 -1.018381708710852478e-02 -1.791050059343105710e-02 7.791456548569684025e-03
3.447959999999999914e-01 -3.155502015889882772e-02 -5.681807845856595013e-02 1.126565382414349871e-02 -2.567248939509307257e-02 3.638964705526898102e-02
3.457700000000000218e-01 -2.905022634167111345e-02 1.348816740129264724e-02 8.587614107138175155e-05 -1.852655294154798363e-02 4.587119003038887810e-02
3.467439999999999967e-01 -1.541834133231908578e-02 -3.181935938639718353e-02 4.443064884987613788e-02 5.675134982568053044e-02 6.748519294679337054e-03
3.477180000000000271e-01 -3.815250634843593992e-03 9.178921772274252835e-03 -1.145466570134615579e-02 -2.479188111346593629e-02 -1.576411536611082090e-02
3.486920000000000019e-01 -6.029021526313602802e-02 8.661354809364342489e-03 1.646055649035737742e-02 -2.242187636080285665e-02 3.544260500799274044e-02
3.496660000000000323e-01 -5.334613607275873887e-02 4.122114318589536336e-02 1.712901544590245823e-02 -2.092560346180183384e-02 -2.838687644435594973e-02
3.506400000000000072e-01 -9.514864583083901955e-03 -1.779252631930767700e-02 -1.442746961779778000e-02 1.160628495859764193e-02 9.240065069461660813e-03
3.516140000000000376e-01 3.716470076662842237e-02 1.398918487424758404e-02 -2.426058660571021961e-03 4.926079864952925824e-02 -1.082435393615494186e-02
3.525880000000000125e-01 2.177338989857724449e-03 6.241835809314302125e-02 1.884683782040583871e-02 1.744951214695154157e-02 -3.733746622633697665e-03
3.535619999999999874e-01 -6.720448586142656507e-03 9.455946220954818474e-03 -2.186600048859108775e-02 -7.431957255774883364e-03 -1.546491010368748233e-02
3.545360000000000178e-01 -2.553809068859086776e-02 4.830664150369165175e-03 -2.903882825786892677e-02 -1.781483076613513822e-02 3.334587336089783055e-02
3.555099999999999927e-01 1.203973936956027890e-02 -4.178577458366759638e-03 -1.892747448360410437e-02 3.747821357228347389e-02 2.481880547576708826e-02
3.564840000000000231e-01 -1.308043436528289957e-02 3.958513293073476907e-02 3.639577456773350483e-02 1.492609057892563262e-02 8.017969978012006241e-03
3.574579999999999980e-01 4.866362724594310712e-02 5.437850294476041790e-03 3.145363085609886866e-02 8.443620163357630146e-03 -3.016594035453059805e-02
3.584320000000000284e-01 4.513546746637062818e-02 -6.304792495956623678e-04 -5.536588545061750348e-03 -2.709041508925179656e-02 2.219471902110592074e-02
3.594060000000000032e-01 -1.356916948619808685e-03 -5.691592205120734466e-02 -1.379727289503984884e-02 6.988219802611142506e-02 5.627425164986313809e-03
3.603800000000000336e-01 3.440739697984847995e-02 -7.261693066402204102e-04 -2.823825394564528565e-02 3.231038009709948089e-02 5.198389019036973868e-02
3.613540000000000085e-01 -1.109687054260310307e-02 -4.191739658923484407e-02 -1.000320331183522995e-02 1.045827425757233677e-02 2.149209816673992336e-03
3.623280000000000389e-01 -3.281095777688866795e-03 -5.816223463214923589e-03 1.478488576891211475e-03 3.052167716614806459e-02 -2.024318981878231102e-02
3.633020000000000138e-01 3.527516776214633526e-02 4.883557625378093670e-04 1.965461302977744920e-02 -1.129717168319604136e-02 -2.212777141506298145e-02
3.642759999999999887e-01 1.486957159130848985e-02 -2.072700878937439387e-02 -2.328295655348796081e-02 5.294884336430562971e-02 -2.476978648890688570e-02
3.652500000000000191e-01 -1.167231644596184240e-02 1.193110509929875412e-02 1.858187346216435762e-02 3.528863713868189700e-02 1.732895007397456527e-02
3.662239999999999940e-01 1.126510424308592787e-02 5.141006864850013701e-03 1.312442957793329840e-02 -3.208241877827164995e-02 -3.140147389218957228e-03
3.671980000000000244e-01 -2.935748104091187236e-02 2.437085518057148514e-02 -4.989430141628524440e-02 2.744454988818744931e-02 2.299448443029170758e-02
3.681719999999999993e-01 -3.381645161178256642e-02 9.314212100590706436e-03 5.221725429545208408e-02 1.263769119565704910e-02 4.411811676816720929e-02
3.691460000000000297e-01 5.775586021017920131e-03 -2.288431713057854922e-02 -8.454079065486995795e-03 4.148607170107217190e-02 -9.087925545429798718e-03
3.701200000000000045e-01 8.459435652355809521e-02 -6.873169095226056360e-03 -1.785888664085486313e-02 1.730821852042297576e-02 -3.083681286242087247e-02
3.710940000000000349e-01 -3.472777475151362508e-03 3.443351286838165770e-02 2.657406731606893821e-02 5.645087706089649444e-03 1.556608720565805758e-02
3.720680000000000098e-01 -7.220297029626315810e-03 -2.000869474015212410e-02 2.002919502700282670e-02 1.505162931154728663e-02 -3.018061342415762072e-02
3.730420000000000402e-01 1.664380754895888534e-02 9.147773815048311497e-03 -5.795480987872839510e-03 1.363218247357236672e-02 -1.836366570922765094e-03
3.740160000000000151e-01 8.677375054093897089e-03 -1.467183644033805655e-02 1.271802006749836109e-02 3.211702125330029994e-02 5.242541073130561891e-02
3.749899999999999900e-01 2.135504767226597232e-03 -3.066930293889611261e-02 3.409094527109669120e-02 -2.424249719447677323e-02 1.576650912702271673e-02
3.759640000000000204e-01 -4.209568149532725428e-02 -9.557878790768990773e-03 7.765894406582364573e-02 2.252595700443817475e-02 -2.170626198063056733e-02
3.769379999999999953e-01 -7.715733543697115768e-03 1.582341438187312085e-02 -7.658832849270283405e-03 3.914665024133354154e-02 -3.215370737624551056e-02
3.779120000000000257e-01 -2.066629156575233023e-02 -3.484015641265783558e-02 5.203939424938164304e-02 7.275927011401245315e-02 2.320983825741743806e-02
3.788860000000000006e-01 -1.959335342642065658e-02 2.259876997517418565e-02 -1.971709785098669718e-02 -1.240223278912505264e-02 3.925994643347475999e-02
3.798600000000000310e-01 5.854808043046245795e-03 -3.488484296500610898e-02 -1.436292225703855729e-02 -7.187885678281167971e-03 2.520075225991347950e-02
3.808340000000000058e-01 -9.286532773906040067e-03 -1.189067179046625691e-02 -5.345355602103427778e-02 1.589059572390568234e-02 -1.774269517645358368e-02
3.818080000000000362e-01 4.316334763441705136e-02 1.320980852640562565e-02 -4.277959671134373004e-02 2.884295800788909403e-02 -2.912137813737772363e-02
3.827820000000000111e-01 3.941424366207248176e-02 1.872231096316174896e-03 -1.437506898538241235e-02 3.225178997841707945e-02 2.227522190021911930e-02
3.837560000000000415e-01 -3.016956639562417761e-02 1.355013916542748345e-02 -3.988737800689908485e-03 -8.910465330709865101e-03 4.956306637213229831e-03
3.847300000000000164e-01 2.997806208466385208e-03 -6.438375934230387149e-03 3.121946597017638894e-02 2.876986594115210280e-02 1.017309076606740317e-02
3.857039999999999913e-01 4.890728050065729776e-03 1.689812228277803733e-03 2.416004574684475423e-02 1.309387325960906234e-02 3.821510968287630816e-02
3.866780000000000217e-01 1.828454253498727061e-02 -3.948110873647663749e-02 -3.151226439732583012e-02 -3.667628110002867786e-02 -3.558684016380693569e-03
3.876519999999999966e-01 2.138164295711149354e-02 9.571350200533318420e-03 1.719071669585463605e-02 2.247042970812252599e-02 7.887767152341561630e-03
3.886260000000000270e-01 -7.679178823822329410e-04 5.720769685998380177e-03 3.335062090622222669e-02 -1.100750584331310587e-02 -3.894900223939263412e-02
3.896000000000000019e-01 1.421289076589022336e-02 -6.114519096110465624e-03 2.097295220640020552e-02 3.370736891651871653e-02 2.117192489659333945e-02
3.905740000000000323e-01 -2.217367444032390320e-02 -4.031719208002500221e-03 9.282026356930305269e-03 -3.764238437210659649e-02 1.118812749868984460e-03
3.915480000000000071e-01 -8.958091361842960600e-04 2.209433146791128094e-03 4.110933220338892913e-02 8.874204084770773854e-03 -2.894726463726978241e-02
3.925220000000000375e-01 3.401593758843347859e-02 8.782865902411956735e-03 5.234890551944717391e-02 5.608650600660794461e-02 2.699816512319351287e-03
3.934960000000000124e-01 -1.529153019211292389e-02 -8.318930806808665437e-03 -2.904723440522720759e-02 2.674160766798071992e-02 -2.156940219351484011e-03
3.944700000000000428e-01 2.087807612039442248e-02 4.166627025045985949e-02 1.913209324650294585e-02 -4.405223733791753700e-03 1.951689363848765511e-03
3.954440000000000177e-01 -1.731151974875336924e-02 -7.314690904683332148e-03 -1.337105162410232896e-02 -3.694665786899247600e-02 5.181649755436542465e-02
3.964179999999999926e-01 -2.511100918789381867e-02 2.154504611237376827e-02 -3.518039251046339161e-02 1.072711964263452222e-02 1.651330214123038556e-02
3.973920000000000230e-01 -3.318394388290344527e-02 -4.328869013749728906e-02 -2.331178534154989060e-02 -9.191080682920323500e-03 -1.931211126865927177e-02
3.983659999999999979e-01 9.388061814282545534e-03 6.082285617461412504e-03 2.331857234962881470e-02 -1.520689994070290561e-02 4.724626023982538421e-05
3.993400000000000283e-01 -1.177061427710269711e-02 4.563849971378115128e-02 -2.833487681933962235e-02 -7.728524003896441834e-03 1.218770895997311338e-02
4.003140000000000032e-01 1.191046104316685443e-02 -1.896943105232769960e-02 -2.647266196015394396e-02 1.726923586850183682e-03 1.396664084078866330e-02
4.012880000000000336e-01 1.385580248629513650e-02 -3.490359537674204288e-02 -2.175206756296270069e-02 -5.219484970452435355e-03 2.791038297200949814e-02
4.022620000000000084e-01 1.621924224352153023e-03 -4.606985665175963862e-02 -4.264359892714683631e-02 -7.687342687623612350e-03 -1.862070012655173482e-02
4.032360000000000388e-01 4.407788004341080951e-02 1.887066664446053477e-02 -2.307404372903845702e-03 -7.363560997677260148e-03 -4.211337358871507057e-03
4.042100000000000137e-01 -1.616554205227321850e-02 3.791242968012655673e-02 3.345337864820752127e-02 2.157303417161219108e-02 4.551727961738548378e-03
4.051839999999999886e-01 -1.077121460631642706e-02 -1.072420325075154959e-02 1.170439865810017979e-02 4.091256333889188579e-02 4.194852786536214240e-02
4.061580000000000190e-01 7.306497117698201871e-02 -1.329905960027591254e-02 2.932578347254556628e-03 -8.311691637764882096e-03 -1.261104090595415155e-03
4.071319999999999939e-01 4.194611097158185836e-02 -3.846607372446836978e-03 -8.296806181405984304e-03 2.637959495655301315e-02 2.496151423841481715e-03
4.081060000000000243e-01 -1.979668929400046039e-03 6.547517898888496717e-03 8.597314115863388326e-03 2.309689602324664290e-02 5.147461587728495089e-03
4.090799999999999992e-01 1.704273507880303337e-02 2.037724211353886261e-02 -6.190566164360414986e-02 -1.978503589855478556e-02 3.497998239092113396e-04
4.100540000000000296e-01 5.954510524911076075e-02 2.971713784796342628e-02 2.169178753611708185e-02 -1.335585651981367403e-02 1.132243468212662182e-02
4.110280000000000045e-01 3.773419349523757238e-02 -7.274021189820733223e-03 7.613528533360211514e-02 -3.245307099109581012e-02 -1.133976386407795252e-02
4.120020000000000349e-01 -3.371701610228323986e-02 4.207774148673940756e-02 -3.425803845783831347e-02 -1.312614951217922930e-03 4.636810279243106826e-03
4.129760000000000097e-01 7.031917582530346385e-03 -2.572344065660134294e-02 2.001257114668474058e-02 -3.285178950908777123e-02 -3.559680297229945306e-02
4.139500000000000401e-01 3.519114664492637573e-02 7.481150187157726813e-05 1.238506993961801909e-02 -4.642368629427565813e-02 2.675392720174392044e-02
4.149240000000000150e-01 -7.084971422931391968e-03 1.528771114811856499e-02 -5.284948018944361781e-02 2.012180680116636491e-02 -1.026705280169147800e-03
4.158979999999999899e-01 -8.150434033599855341e-03 1.670217535201716161e-02 3.747818413266045673e-02 -3.920568352142628221e-02 4.049027391483767807e-02
4.168720000000000203e-01 2.876282906278913171e-02 -1.457577811327028829e-02 1.756409232842079046e-02 -1.899892385264957337e-02 -1.975470975681582059e-02
4.178459999999999952e-01 7.722589923147850886e-03 1.371285068124869326e-02 2.685250682565347088e-02 -1.129232484041869759e-02 -7.096808688357352478e-03
4.188200000000000256e-01 -5.769571350274322469e-02 2.771242330309020303e-03 9.968336091915854652e-03 -4.341879528913801523e-03 -3.330294080995956085e-02
4.197940000000000005e-01 -4.094453374255091829e-03 -7.726559983505039593e-03 -3.143546055203399244e-03 1.917590571741738248e-02 -3.424926256174554238e-03
4.207680000000000309e-01 -3.573088110100975517e-03 -4.132770258490723464e-02 9.744549845808501282e-03 3.717003419861218683e-02 -2.939711403877213330e-02
4.217420000000000058e-01 2.529402232942383304e-03 1.252756691944045299e-03 -2.930815727290839862e-02 1.393611019842837554e-03 -2.220868960106589865e-02
4.227160000000000362e-01 -1.024538916269341834e-02 -2.071244605943387343e-02 8.357254930779544960e-04 -4.780848311136565859e-02 3.535687484663525837e-02
4.236900000000000110e-01 -2.487980973469008927e-02 2.087225895324746044e-03 2.994957846555234768e-02 1.691950900114731066e-02 -2.830921290074284863e-02
4.246640000000000414e-01 1.147903552414751560e-02 1.607723836465523373e-02 1.175380386283273598e-02 1.288252186089561095e-02 3.477963733619878622e-02
4.256380000000000163e-01 -4.676030751063037921e-02 -2.895157495389076314e-03 -3.420811195027167323e-02 9.078240308342137854e-03 1.602266429791771724e-02
4.266119999999999912e-01 7.049766236742588052e-03 1.857277507827674243e-02 -6.809579636096329755e-03 -5.267324465654858040e-02 -3.606280260221979284e-02
4.275860000000000216e-01 2.365511914432998422e-02 -4.332975021212266686e-02 -1.414808597976157170e-02 1.071141039047045912e-02 -1.101862466834116830e-02
4.285599999999999965e-01 1.301537858309769445e-02 -1.698636151008063805e-03 6.964281268077485675e-03 6.595616468184102577e-02 -2.924945543732027781e-02
4.295340000000000269e-01 1.966326662567024000e-02 -2.044699954611208653e-02 -1.499894747943234831e-02 1.862111701896879828e-02 -8.627048124332159160e-03
4.305080000000000018e-01 -6.785386721751504070e-03 2.705279933665099071e-02 2.056538772805154361e-02 -3.789375288420840371e-02 -2.790385960194197851e-02
4.314820000000000322e-01 -6.537556118293694207e-03 -2.836294391982231711e-02 -3.750005382939110982e-02 3.458711038731483028e-03 -1.321474887843225761e-02
4.324560000000000071e-01 -2.725361204304989414e-04 -4.267809047554042140e-02 1.868467128672980648e-02 9.767071602691770188e-03 -4.632924124399149038e-03
4.334300000000000375e-01 -2.535105684627647973e-02 1.921910355057014283e-02 1.631636678111271499e-02 -3.622499192882315533e-02 1.011302471715839688e-02
4.344040000000000123e-01 1.316836955039270372e-03 -4.239518464667322434e-02 8.407509237609736216e-03 -1.498168083476251675e-02 -6.080001038291432333e-03
4.353780000000000427e-01 2.585018375414169928e-02 -3.522000429470323324e-02 -3.841968711088451869e-03 -2.475619871457763999e-04 -2.151197124244409124e-03
4.363520000000000176e-01 -3.876150589854015539e-03 5.358796489444924566e-02 2.072636929294116147e-03 5.944134828322043124e-03 -3.427655152005279482e-02
4.373259999999999925e-01 2.278740328293866937e-03 2.780890035454310419e-02 1.449821893031241933e-02 -5.993296187977658132e-03 -4.819272098773385617e-03
4.383000000000000229e-01 -2.569521171771937951e-02 7.458356431729326955e-03 -3.807338759664211092e-02 -1.944077805368008352e-02 -1.775380303490510861e-02
4.392739999999999978e-01 -3.594754846096183398e-02 7.576871569484534830e-02 -7.459505771176145467e-04 -3.778291653945659804e-03 -1.522050276210982697e-02
4.402480000000000282e-01 3.583628593867121265e-02 -7.544858284757338142e-03 7.966589391598102518e-03 4.209584416015895586e-02 -3.674722254851441657e-03
4.412220000000000031e-01 -2.686378008365456274e-02 2.231153344693433994e-03 1.601588697059284569e-03 9.940303772380341268e-03 2.775580430946920918e-02
4.421960000000000335e-01 9.806791207504599039e-03 -1.401885180330129585e-02 -1.852629085282033600e-02 -1.686855128652920213e-02 -1.981303692596457413e-03
4.431700000000000084e-01 2.343758695928201824e-03 -3.170765933967712585e-02 5.563130829108797748e-02 -1.288493047616339100e-02 1.357512527212118361e-02
4.441440000000000388e-01 -2.890674855706092117e-02 1.898731510530971348e-02 5.663239438291618744e-02 9.282229949585125289e-03 1.982845936023005726e-02
4.451180000000000136e-01 4.425528164743024531e-03 -1.547823744017121604e-02 -1.397563105193848007e-02 -2.972403485726891892e-02 -6.243326185330117135e-03
4.460920000000000440e-01 -2.326901265943439809e-02 9.467777116555988956e-03 -3.438639358287471498e-02 1.527265735436931539e-02 -4.010406426333736063e-02
4.470660000000000189e-01 -3.319087930385949958e-02 4.626101904787350422e-02 -4.089789973168255106e-03 -9.325245065964261199e-03 -6.700513433941975190e-03
4.480399999999999938e-01 -3.907130712245827399e-03 -7.524871525081248264e-03 1.969591492579034903e-02 6.217647486442460722e-03 -3.457163898112124156e-02
4.490140000000000242e-01 -2.963079455567749557e-02 1.409739969952815072e-02 -6.595161359598381880e-03 3.171803724932950857e-03 -4.483343210912013425e-03
4.499879999999999991e-01 3.726898075589166193e-02 1.827950941884376804e-02 -4.133526756227100946e-02 -2.473467013288054017e-02 -2.647495479991727823e-04
4.509620000000000295e-01 1.732577897428951420e-04 6.074630453574621572e-03 -1.812119972819631677e-02 -1.052832886022618715e-02 -3.138097595229210821e-03
4.519360000000000044e-01 2.294729223986076774e-02 -2.877163976253801006e-02 2.490356678196767315e-02 -3.082404319522863770e-02 3.921234422549738086e-02
4.529100000000000348e-01 2.310321599721797993e-03 1.626576789297338316e-02 6.809753669471035886e-02 3.455187824828740567e-02 -2.839008128958516244e-03
4.538840000000000097e-01 -5.095146678381514208e-03 3.932434827845850828e-02 2.301427589696853401e-03 3.702366249564823658e-02 -1.611627377936895172e-02
4.548580000000000401e-01 1.385940080240510418e-03 -2.967425977292910411e-02 2.791015766137344700e-02 8.248971514358263354e-03 1.528980639466176938e-03
4.558320000000000149e-01 -2.263819313407814879e-02 1.087635085614270004e-02 2.074869483244239088e-02 1.379953314190819798e-02 3.608700656301083720e-02
4.568060000000000453e-01 -8.667461122693155551e-03 1.046402116696719918e-02 -2.391879382645434662e-02 -4.958631189283706220e-02 -4.437767251915775840e-02
4.577800000000000202e-01 -1.175304582182389902e-02 -5.668000530028690503e-03 -3.848434626822575151e-03 1.147563933848040228e-03 6.242232515540746540e-02
4.587539999999999951e-01 -3.096439708200443564e-02 5.543753012630827162e-03 7.658321272171727048e-03 -4.121223155575699099e-02 -3.509408600319887869e-03
4.597280000000000255e-01 2.110589157814187281e-02 -9.480229399736542217e-03 -1.126078388811868961e-02 -7.595837075806466171e-04 -2.149169443487402437e-02
4.607020000000000004e-01 -1.450368284217707845e-02 -4.409635353673856117e-02 -2.606899327271122724e-02 3.243238687687227673e-02 4.636362381484395064e-03
4.616760000000000308e-01 -7.148369600328415355e-03 -1.312572725343985613e-02 -3.556791771472218172e-02 3.391720172562705249e-02 8.098881473738642547e-03
4.626500000000000057e-01 -1.515253138041098430e-02 1.885431091340936626e-04 -2.189217826386015420e-02 -1.645048113748146402e-03 -1.377565673173354252e-02
4.636240000000000361e-01 2.587589993163262950e-03 1.283813948917823106e-02 -1.141336625047828339e-02 -1.850820614733540009e-02 6.597591980868126177e-03
4.645980000000000110e-01 -5.197621369820443725e-03 -1.723680348035701998e-02 -7.727059086745472448e-03 4.934598727121871503e-02 -1.876225758406019004e-02
4.655720000000000414e-01 -1.668752051234021275e-03 2.507538609677166172e-02 1.587834455374597872e-02 4.896880755447634292e-04 7.130587674020890179e-03
4.665460000000000163e-01 -2.175042976451688204e-02 9.445341853305384144e-03 -2.130073854774923101e-02 -6.269260959226405361e-03 3.923971832308346952e-02
4.675200000000000466e-01 -7.345289750943790295e-03 1.467857953641229715e-02 -3.060747034265886516e-03 4.758747347933135752e-02 -2.022669145550997499e-02
4.684940000000000215e-01 1.011973651418743812e-02 -3.144083885330190009e-02 1.169714862907401780e-02 3.415111028606069438e-02 2.643215972882043564e-03
4.694679999999999964e-01 -1.143606424925790524e-02 -9.661394116745372282e-03 -5.332890109540011636e-02 -1.172339672770612764e-03 -1.231269398512111618e-02
4.704420000000000268e-01 1.433503975394056357e-02 -4.815125058209124113e-03 -1.054979198019668878e-02 4.495925625614267257e-02 -1.993735269382567420e-03
4.714160000000000017e-01 -1.104497615509496267e-02 1.845686403678772902e-02 -1.114347883515453934e-02 -7.779143628232062374e-03 2.168783310459314329e-02
4.723900000000000321e-01 -1.483846829518435662e-02 -7.208920813716403198e-02 -2.120993627188428113e-02 4.247248582605223782e-02 4.769235019115438540e-02
4.733640000000000070e-01 1.852686918160465282e-02 3.119109621280420977e-02 2.447602859698318548e-02 2.932858769874979385e-02 -4.270772469971570277e-03
4.743380000000000374e-01 3.659054816555194073e-02 -1.846272661812657992e-02 4.138076603627829225e-03 -4.945217456778518671e-03 -2.015381975456720723e-02
4.753120000000000123e-01 -2.703692099408520552e-02 1.570741772275860426e-02 -2.298918285295969977e-02 1.529143781786911072e-02 7.341422052497845185e-02
4.762860000000000427e-01 -2.848641498719574707e-04 -5.507830222579456619e-02 -3.499408840403438192e-02 7.954239482983909912e-03 1.361181157671273803e-02
4.772600000000000176e-01 -4.132284157508834058e-03 1.106933906405115596e-02 -2.605764245967685452e-02 3.289172172762875462e-02 -4.938283318582316339e-02
4.782339999999999924e-01 2.267290021151597765e-02 1.248499482490025500e-02 -2.071613747505666320e-02 1.208803488557688884e-02 -5.487692578448292481e-03
4.792080000000000228e-01 -2.843607309150984752e-02 -2.543380127749924474e-02 -2.946773645879957951e-02 -2.910146406947136753e-03 -1.672122602035882796e-02
4.801819999999999977e-01 -5.783679290530117229e-03 -4.559257424892964455e-02 3.429844926138787137e-02 3.090686127497119934e-02 1.206067206843026984e-03
4.811560000000000281e-01 1.380825663012269326e-02 2.143449107711694820e-02 7.802436733971141077e-03 -3.070575864980308167e-03 1.529894917014023963e-02
4.821300000000000030e-01 1.444149336638055753e-02 -2.817814721065538090e-03 5.370768273870994702e-02 1.072111863419255608e-02 4.414557220299700734e-03
4.831040000000000334e-01 -1.431755070668197516e-02 6.896247879119091206e-03 6.274741332226443750e-03 -1.205252803687183009e-02 -2.519511111289760279e-03
4.840780000000000083e-01 -1.892811132759568415e-02 -1.248657170558966842e-02 -1.862114606160546540e-02 -6.096162283633624855e-03 4.090476986993742819e-02
4.850520000000000387e-01 4.705500728430952323e-03 -4.492361136700725880e-04 -1.356508804940400117e-02 4.106627561338244831e-02 1.294487279263159540e-02
4.860260000000000136e-01 -4.767025605413611859e-03 -1.485253143500192725e-02 1.271265326807116854e-02 5.793217800041737531e-02 -1.074384670334288571e-03
4.870000000000000440e-01 -1.806297850568744714e-02 1.162129401434742505e-02 6.529881037090511618e-03 3.220021712392037716e-02 4.844572791983967758e-02
4.879740000000000189e-01 2.430642922057796307e-02 -7.111488991183692642e-05 4.227583887439499699e-02 2.608469984946864065e-02 -2.777493651058398141e-02
4.889479999999999937e-01 -5.868641667092479308e-03 -1.143239472570823723e-03 2.051989748091034155e-02 -4.403849874685566643e-03 3.179115419824376371e-02
4.899220000000000241e-01 -3.533219397617315405e-02 -3.235891491428181249e-02 -2.228384458439692378e-02 -1.330355513004863668e-02 2.208955478366568873e-03
4.908959999999999990e-01 -2.841526422694256107e-02 -1.877333621628034938e-02 -2.053605392413025352e-02 1.940439630356764061e-02 1.449968659073012402e-02
4.918700000000000294e-01 -1.767494904211805440e-02 -2.946809129502625177e-02 1.657693751113454780e-02 8.241714221522609962e-03 1.825329021111540134e-02
4.928440000000000043e-01 -2.510651025776528510e-03 -3.512942111566125236e-02 6.060631703996817790e-03 9.703378183142691467e-05 7.386504905277779809e-02
4.938180000000000347e-01 1.565306984100420327e-03 2.734534469920000405e-02 -6.679600539356961818e-03 2.665230853538650205e-02 -3.277481982029815250e-02
4.947920000000000096e-01 -9.815891158784383411e-03 -5.304943600255708318e-03 -5.769103611983675273e-02 -3.835637605254147570e-02 8.841216559055580307e-03
4.957660000000000400e-01 7.532405491700133564e-03 -4.219107428967503598e-03 1.466834488248473962e-02 2.260681470366922297e-02 -7.154582727207438320e-02
4.967400000000000149e-01 1.449618538040342054e-03 -1.187083877304853652e-02 -2.664529057816033761e-02 -1.988620754700320264e-02 -5.582838324821429860e-02
4.977140000000000453e-01 -4.302747686405101329e-02 9.178828189908031995e-03 1.485563296804910324e-02 -2.808685971925824545e-02 1.243825592635964400e-02
4.986880000000000202e-01 -3.310672753046669387e-02 3.957338599995544742e-02 -5.542856927882677809e-02 1.314602365130084632e-02 9.863228021152357569e-03
4.996619999999999950e-01 -2.930293407425613519e-02 1.175786085535625303e-03 -2.151363022103312123e-02 -6.038397226684176500e-02 -1.309190829369978257e-02
5.006359999999999699e-01 -4.062675082496522427e-02 3.477681179651235382e-02 3.104180134555198367e-03 -2.019613917383105556e-02 7.384760635379806690e-03
5.016100000000000003e-01 9.129511938768258839e-02 7.716799034594597900e-03 7.317334356611968071e-02 1.191406611180131914e-01 7.053588447711371667e-02
5.025840000000000307e-01 8.160797265826667812e-02 7.029127673635264528e-02 9.060310087825709791e-02 1.028166101705097757e-01 1.195179929059706353e-01
5.035580000000000611e-01 7.623546458334545806e-02 1.106905893341307429e-01 1.248552646928519638e-01 1.055800726054076655e-01 2.938864971999912562e-02
5.045319999999999805e-01 6.998958248535525062e-02 1.201797496234398438e-01 1.318479404872878180e-01 1.067772229502857023e-01 4.045806226771762881e-02
5.055060000000000109e-01 1.239209848835892830e-01 1.291157846630498485e-01 1.549214752157709041e-01 1.477128190195924617e-01 6.935067618411351609e-02
5.064800000000000413e-01 1.230807293479274506e-01 1.468981755082769403e-01 1.617425616988838466e-01 1.311580470170609636e-01 1.262252620076548260e-01
5.074540000000000717e-01 1.103913909753801159e-01 1.176837122962766241e-01 1.766037371172421988e-01 1.934976482153413779e-01 7.923791266300583835e-02
5.084279999999999911e-01 9.546392016300236927e-02 1.798628710315088031e-01 1.858193943493572364e-01 1.272293209476244302e-01 8.008869619253268513e-02
5.094020000000000215e-01 9.740945732420998315e-02 1.564544198719367285e-01 1.712003242581361384e-01 1.607951141826939878e-01 6.619423752957141749e-02
5.103760000000000518e-01 9.438630359854523200e-02 1.975113605864103061e-01 2.133162810061561832e-01 1.494045769836500892e-01 1.729535496571022596e-02
5.113499999999999712e-01 7.432792477900219963e-02 1.675800558268283891e-01 2.107284607583317926e-01 1.067495236205203007e-01 1.428981915397980751e-01
5.123240000000000016e-01 7.763920176487762448e-02 1.131035604095082109e-01 2.518162066912960628e-01 1.939106803847295002e-01 7.350854168304205016e-02
5.132980000000000320e-01 1.397536107683069462e-01 2.073425541227739144e-01 1.965450352439811477e-01 1.482985025823056746e-01 5.944167330225395840e-02
5.142720000000000624e-01 1.567680205056658782e-01 1.261107476848587761e-01 2.295357412249730278e-01 1.100544452087386660e-01 3.097970399708237579e-02
5.152459999999999818e-01 1.123603148273313729e-01 2.121095179974965272e-01 2.598457875913926518e-01 1.078889019495437585e-01 7.467052641859152351e-02
5.162200000000000122e-01 8.558886267024808092e-02 1.478520444688984636e-01 2.068584610342156516e-01 8.959942530237621772e-02 6.379733701448157823e-02
5.171940000000000426e-01 1.278813708147270856e-01 1.450129544667694559e-01 2.125388642781858572e-01 9.996254635246645814e-02 8.792542729909809396e-02
5.181680000000000730e-01 1.036768244171519249e-01 2.056343886476549032e-01 2.090404154915183610e-01 1.229691687334062561e-01 6.161316113969678154e-02
5.191419999999999924e-01 1.045861803673995005e-01 1.607281644038335844e-01 1.577675330994376401e-01 9.835911612761660816e-02 4.186073541334243281e-02
5.201160000000000228e-01 1.057140362207853457e-01 1.775681525528954308e-01 2.408108332095305060e-01 8.598734945788674700e-02 5.513468821732775416e-02
5.210900000000000531e-01 6.775452474711694817e-02 1.028151144652680732e-01 2.275641654683987491e-01 1.133432015422887879e-01 3.938813241911337526e-02
5.220639999999999725e-01 1.278956767102390479e-01 1.739361541607157002e-01 1.735577092740807348e-01 1.338549302981262012e-01 5.579612190481583744e-02
5.230380000000000029e-01 1.198525152458266019e-01 1.758515227256186031e-01 2.466779873872798068e-01 9.347268340461230285e-02 -1.621278637578113004e-03
5.240120000000000333e-01 5.776688374277531152e-02 1.696418021893979777e-01 2.241974975132713377e-01 1.347458280417730692e-01 3.800218009732266033e-02
5.249860000000000637e-01 7.035967104476191503e-02 1.404943354466378358e-01 1.747546502781544275e-01 1.217373840509327343e-01 7.681199761667520387e-02
5.259599999999999831e-01 1.130842567433765350e-01 1.338988219512852462e-01 1.739948718863286170e-01 1.517008372743437750e-01 6.553590050734547923e-02
5.269340000000000135e-01 1.398139017404657902e-01 1.712992593598922919e-01 1.541962962032266959e-01 1.189762516201957054e-01 5.542101462028695136e-02
5.279080000000000439e-01 6.119320699889529980e-02 1.616639603021555460e-01 1.784041238447357514e-01 1.161752643138353747e-01 5.993114536260918390e-02
5.288820000000000743e-01 7.411328071727607547e-02 1.290371871878668586e-01 1.499422605646332785e-01 7.620405666498661357e-02 7.477116637464924220e-02
5.298559999999999937e-01 6.372590210431663960e-02 1.248747374478233335e-01 2.069819367662236731e-01 5.258667862634147649e-02 4.063178813447861082e-02
5.308300000000000241e-01 5.470356843798846597e-02 1.200493724173760379e-01 1.667219688779968956e-01 1.070199868556741124e-01 1.310916684312435354e-02
5.318040000000000544e-01 7.777587094218019192e-02 1.078738640684359790e-01 1.722902686530097816e-01 1.064814517509647257e-01 8.342670469754792650e-02
5.327779999999999738e-01 9.298795320257359498e-02 1.071388961154266795e-01 1.587643278205404240e-01 1.004345456028311045e-01 6.101117328894125474e-02
5.337520000000000042e-01 5.907741696503919504e-02 1.092778908726492471e-01 1.136626703890388085e-01 6.470022899663158134e-02 5.578172050943302693e-03
5.347260000000000346e-01 6.763093760686204881e-02 9.494827536322170136e-02 1.652848495927216887e-01 8.863167290912192520e-02 6.173437764167570563e-02
5.357000000000000650e-01 6.215762147074306576e-02 1.338930927973545071e-01 1.491953372141134881e-01 1.197523760184109054e-01 3.699954583861733010e-02
5.366739999999999844e-01 9.221489678656960565e-02 1.185138774623838570e-01 1.593808946517718539e-01 5.902984853443037083e-02 4.191692408650889851e-02
5.376480000000000148e-01 4.400773716797320989e-02 7.616752639327439844e-02 2.025086532299754938e-01 3.692425692861985714e-02 -7.464240171821014255e-04
5.386220000000000452e-01 3.187713050156167072e-02 8.140223679752464636e-02 1.318776781819976929e-01 7.703170582820083323e-02 8.743678036966262557e-02
5.395960000000000756e-01 8.605649397751442831e-02 1.045965324717904738e-01 2.318260256761285054e-01 1.246754576310082491e-01 3.740529189876377197e-02
5.405699999999999950e-01 4.882147445455566059e-02 7.634379264319116065e-02 9.069876176955622704e-02 1.034400266755000353e-01 1.754723407820775113e-02
5.415440000000000254e-01 6.730789808171659672e-02 4.577111676711013988e-02 1.383280065061424924e-01 4.394028269307977130e-02 4.114841506699651319e-02
5.425180000000000557e-01 4.748339615990773699e-02 7.393864218285468859e-02 8.155096081072138459e-02 7.795851954971762254e-02 9.802929021610291838e-03
5.434919999999999751e-01 6.034865886965406351e-02 2.662418902209574834e-02 1.159579362463186852e-01 1.817114855070550358e-02 2.545506796623997134e-02
5.444660000000000055e-01 2.289831681231534882e-02 5.451524699993318818e-02 1.466029446743823406e-01 1.139325577474961937e-01 3.626165945985696231e-03
5.454400000000000359e-01 1.113997356983217196e-01 7.036829541450952304e-03 1.094322222198442912e-01 6.574145638216044585e-02 2.577640394274397298e-02
5.464140000000000663e-01 1.011261903247507032e-01 1.282568625834986861e-02 1.322126793091091268e-01 2.827686220870243017e-02 4.618567177810917884e-02
5.473879999999999857e-01 6.045761250249431090e-02 8.072046931440446382e-02 7.994212770540856661e-02 7.058396763986012068e-02 6.172109767875937070e-02
5.483620000000000161e-01 1.164869334542891488e-01 7.904930170989318827e-02 7.166571082273838489e-02 4.390337767470733205e-02 2.509916660069836172e-02
5.493360000000000465e-01 7.450985469100224190e-02 9.970054667534311577e-02 1.161004131834696279e-01 3.531067219642958915e-02 3.135824640189326194e-04
5.503100000000000769e-01 9.877940788487260537e-02 1.017314079827977696e-01 1.202465623961048308e-01 4.515299827915313785e-02 3.458841996144939451e-02
5.512839999999999963e-01 6.264258566075943391e-02 4.983676090709214523e-02 1.251335547368130352e-01 1.003277419485034960e-01 1.560509080012037302e-02
5.522580000000000267e-01 3.261824556843823109e-02 8.540584363373651677e-02 1.353199675716877382e-01 1.255312076599879034e-01 1.420060493331456487e-02
5.532320000000000570e-01 3.206038150104056905e-02 6.091711261245380538e-02 6.100220565811116658e-02 3.891284984236982603e-02 1.732133657849816571e-02
5.542059999999999764e-01 4.950923225807039169e-02 1.316243413946796281e-01 8.002153686774041152e-02 8.046370536662211803e-02 -2.683673143009359047e-04
5.551800000000000068e-01 1.981394167949548576e-02 6.409693791983106514e-02 1.215478933262070377e-01 7.639353958988209792e-02 4.218485876613680546e-02
5.561540000000000372e-01 4.435615557078258220e-02 8.878086892870101776e-02 6.694838853074296103e-02 1.177114470605524627e-01 -1.839080656858757198e-02
5.571280000000000676e-01 2.639303611469764541e-02 7.981847905193049930e-02 1.314368966464676824e-01 8.784642831135427987e-02 -6.219609881315554464e-03
5.581019999999999870e-01 4.902521905638278221e-02 7.052495963299910964e-02 1.547855650041792541e-01 8.331305746233291787e-02 2.122795731805315802e-03
5.590760000000000174e-01 2.462439599547323887e-02 3.228258227255619006e-02 1.292467668876960962e-01 3.774097388635015010e-02 6.696628227592564542e-02
5.600500000000000478e-01 3.514370777828983161e-02 4.149749300443602434e-02 1.002330645960893274e-01 4.381596591008291020e-02 3.023520477843978649e-02
5.610239999999999672e-01 4.578451830712279222e-03 2.209523228965949368e-02 1.184538780999089130e-01 4.293536655616042585e-02 4.660361216028772579e-04
5.619979999999999976e-01 1.346122412450836102e-02 4.954113573285143929e-02 5.861711750182203168e-02 4.402566650635603152e-02 1.907590089237032674e-02
5.629720000000000280e-01 5.535270878521332538e-02 2.483604081003615294e-02 5.290854985629798307e-02 1.306300295386215830e-02 6.193240416466296722e-02
5.639460000000000583e-01 4.142923964819320015e-02 8.962636165555944168e-02 9.283721027721315855e-02 4.214932331117122316e-02 2.108506482211502941e-02
5.649199999999999777e-01 5.069369548179714774e-02 8.828949577134989624e-02 6.855504839956128027e-02 4.596419895951242562e-02 1.294776475381449786e-03
5.658940000000000081e-01 5.515698167624075859e-02 6.071258581861516124e-02 7.258952059640086385e-02 3.517311580106835533e-02 7.607338234931306994e-03
5.668680000000000385e-01 7.718791449037089303e-02 7.335256301472840856e-02 3.885077552022680319e-02 5.967993714206454997e-02 7.655419096510340631e-03
5.678420000000000689e-01 4.024222481487904624e-02 1.031028698077917543e-03 7.536020323408869348e-02 6.274148740478606434e-02 1.187992503110331041e-02
5.688159999999999883e-01 -2.250792180976500176e-02 1.753848945757283811e-02 1.288467824330498945e-01 4.667674128646889797e-02 2.932927405863980722e-02
5.697900000000000187e-01 6.024455510789693269e-02 3.537154423296483274e-02 9.738777791475183854e-02 7.419699700593689051e-02 6.060390796317325149e-03
5.707640000000000491e-01 3.039274173944246302e-02 2.127572733264421895e-02 8.062805761766238255e-02 4.271599810831244043e-02 -1.152368922601596131e-02
5.717379999999999685e-01 5.438755979107173788e-02 1.811771219208666711e-02 9.514564521790531970e-02 1.540863254908674158e-02 2.460238548485255486e-02
5.727119999999999989e-01 3.899361222593450416e-02 3.213919361512874995e-02 5.508578250300592838e-02 4.084239606228177305e-02 2.256307715315132925e-02
5.736860000000000293e-01 2.589135389563105086e-02 5.621395349257080759e-02 8.293450236092492212e-02 6.192913521397635374e-02 -1.068048562194705113e-02
5.746600000000000597e-01 1.218937144848904024e-02 2.900070145761271360e-03 4.253392964282660949e-02 4.801047991032698914e-02 1.285894689769376611e-02
5.756339999999999790e-01 1.867245496673586302e-02 5.432323012388292835e-03 6.628081214446988889e-02 4.029339593573729589e-02 4.231407948934211988e-02
5.766080000000000094e-01 4.293976101051059924e-02 5.607608470825722197e-02 5.254242278151498996e-02 2.469475803102129038e-02 3.957923726314897112e-02
5.775820000000000398e-01 3.949421942377765588e-02 6.368986955260649840e-02 2.906293996728226414e-02 -2.920455193922291497e-04 -4.276574751584126532e-03
5.785560000000000702e-01 1.941055224918294964e-02 1.905033779685836454e-02 6.141177863358552452e-02 3.806498624132781394e-02 -2.812210769696587079e-02
5.795299999999999896e-01 6.991687334566104584e-02 2.931587922679011748e-02 6.806825069745582601e-02 -4.307194626052085473e-03 1.101854041631596982e-02
5.805040000000000200e-01 4.137814965735413936e-02 2.212706757894204040e-02 2.203099508567827811e-02 1.556260272852800879e-02 -5.228819302684890175e-03
5.814780000000000504e-01 7.330405033406000095e-03 1.587748951702988576e-02 4.418263026513381819e-02 2.019078006859184940e-02 4.986042824671901158e-02
5.824519999999999698e-01 -2.714626752372750838e-03 5.585926206869643029e-02 2.514811478699921152e-02 1.856022204669977027e-02 1.116863716399507829e-02
5.834260000000000002e-01 -1.335942696635282478e-02 -1.205409218847877922e-03 5.128718309493149330e-02 3.130174371514427706e-02 1.701852400635633922e-02
5.844000000000000306e-01 2.956346708751710767e-02 5.967448356940816510e-03 4.153836942431189672e-02 7.394585802504886896e-02 1.619895343151204689e-02
5.853740000000000610e-01 3.577444110358112689e-02 5.739090083664384091e-03 6.078452960312958481e-02 1.118954817422228715e-01 -1.529992795207217246e-02
5.863479999999999803e-01 2.436628452510981174e-02 4.389756687252780593e-02 3.941546450981837230e-02 9.809529961972747458e-02 2.323327939203881799e-03
5.873220000000000107e-01 1.715862032822247293e-02 -1.200495468668569612e-02 7.290242225892470951e-02 6.969214298782251682e-02 1.443698871531003299e-02
5.882960000000000411e-01 5.015285534076507901e-02 4.305430749225332837e-02 4.691984046807881614e-02 1.008613137457949893e-01 3.295032480060882361e-03
5.892700000000000715e-01 5.794587946777559478e-02 5.343063367131009600e-02 6.143803690416150404e-02 8.833677176146556564e-02 3.802623457573700572e-02
5.902439999999999909e-01 2.275590032296305465e-02 4.596728454424654081e-02 4.548146308266772658e-02 2.273177116629487848e-02 -4.659279616411478309e-02
5.912180000000000213e-01 6.147718103140261542e-02 2.005708105855521367e-02 8.580335616738357651e-02 5.279998607436718616e-02 -1.197747861403858360e-02
5.921920000000000517e-01 -7.312606287012943934e-03 6.705147639989167407e-02 5.059416235728991795e-02 4.334762139786371704e-02 4.601868147903032114e-03
5.931659999999999711e-01 3.277224896883022126e-02 5.373416708701172356e-02 7.342873466338573074e-02 2.949150556304323476e-02 8.016931264062868503e-03
5.941400000000000015e-01 -1.392528273341991918e-02 8.741762511271435054e-02 3.691022365071527922e-02 4.478298505250809941e-02 2.691583161949786043e-02
5.951140000000000319e-01 3.445021095489812779e-02 -2.612983039632706117e-03 8.907934485701848870e-02 3.231798814890845389e-02 -1.351046074395822159e-02
5.960880000000000623e-01 3.084394174848510348e-02 2.466407431267797837e-02 8.519943445989035247e-02 2.130191539672579570e-02 -3.068178666611196675e-02
5.970619999999999816e-01 8.256321157514536629e-03 4.487164309373005422e-02 7.249096439744895370e-02 1.362426425271346265e-03 2.051808684653089188e-02
5.980360000000000120e-01 2.297734392858179556e-02 3.602896520802618269e-02 5.009969997566190297e-02 1.885609038306752458e-02 -8.283141214022574127e-04
5.990100000000000424e-01 4.042550330946653031e-02 2.354145176793013411e-02 5.043539790525373989e-02 5.581924430693755573e-02 -3.907540252996747829e-03
5.999840000000000728e-01 7.369122632872474044e-02 -2.351837233388440890e-02 1.819091855769108118e-02 4.532070026791922869e-03 5.877354723798407926e-02
