0.000000000000000000e+00 1.423533796903378446e-02 -3.575951365723542552e-02 2.151584394675607262e-02 3.818187255864789048e-02 -2.308085692837801017e-02
9.899999999999999946e-04 9.043823756011379333e-02 1.416063935989993194e-02 -2.033613946370979586e-02 5.270358699926989271e-02 2.151650367874150330e-02
1.979999999999999989e-03 8.840808980317243744e-04 5.366082503667880289e-03 -6.389599059312383277e-03 -7.469847242143820565e-03 1.829247107282596372e-04
2.969999999999999984e-03 8.809258236750917848e-03 2.438259497308805854e-02 -5.285886098634607483e-02 3.545627201213029378e-02 -1.141883357492837030e-02
3.959999999999999978e-03 6.187966697002174332e-02 2.301744156594440899e-02 3.643283999813125285e-02 3.523251333618194342e-02 6.253635467993988450e-02
4.949999999999999539e-03 2.310984107715795353e-03 -2.908954726661591716e-02 -2.673402449206504702e-02 4.036629244534357085e-03 -2.803127446735385886e-02
5.939999999999999968e-03 -4.683630239787040656e-02 -5.844096917249236647e-03 -7.523845748399785212e-03 3.290812064384726621e-02 -4.596677594681061740e-02
6.930000000000000396e-03 2.043005499396825797e-02 -3.356832553347398329e-02 -2.240302101517380878e-02 3.832673854856998713e-02 3.846284773091408066e-02
7.919999999999999957e-03 2.982476701616658746e-02 -3.158237123086155701e-02 1.280072972815181342e-02 -1.679313419672029428e-04 7.218713698857802397e-02
8.909999999999999518e-03 1.440179320894234560e-02 -2.013928249075166294e-02 1.753022860153091462e-03 9.172476298904642944e-03 2.365057429956466100e-03
9.899999999999999079e-03 -4.769746880508927978e-03 9.948373757318136525e-04 4.983603028416045419e-04 -1.801748091784488148e-04 2.556609436123184493e-03
1.089000000000000037e-02 4.418508595088965069e-02 -8.869522009464921378e-03 6.276098292237701493e-02 -9.819026041949478409e-03 1.534931761905833879e-02
1.187999999999999994e-02 2.448005563378885183e-02 7.008321332400192782e-02 -3.729005784572920340e-02 -6.499019536016669395e-03 -2.309617087807407099e-02
1.286999999999999950e-02 -2.364698785125849464e-03 8.229422645498649103e-02 2.174373658817787408e-02 4.332122998972256361e-03 5.069655501641653732e-04
1.386000000000000079e-02 -3.440528976387360188e-02 2.714711006240027452e-02 1.538034850197935767e-02 3.330803288174043197e-02 4.236879984173234220e-02
1.485000000000000035e-02 3.361987179396921932e-02 3.776397711296787009e-03 -4.138206037849305463e-02 9.744378075689657387e-03 3.338397053882418558e-02
1.583999999999999991e-02 4.624587255592234325e-02 2.001633967819459181e-03 -1.793515833484683047e-02 1.567550427102708602e-02 -3.356949459492956228e-02
1.683000000000000121e-02 1.889331175356562600e-02 4.725114905241607354e-04 6.876175858127223789e-03 -2.844694602695847264e-03 -4.764366545944126452e-02
1.781999999999999904e-02 -3.157770301620071302e-02 3.410148347743922198e-02 -4.769208542313954635e-02 3.398087818320108533e-02 4.996409009829617205e-04
1.881000000000000033e-02 -5.168959451610258271e-02 3.035240808098719698e-02 -1.281509307927905517e-02 -4.132567861010676830e-02 1.817760246922867085e-02
1.979999999999999816e-02 -4.896495975471484678e-03 -1.501746216754696120e-02 -2.252957295306941277e-02 -5.656406682452192608e-02 -3.625248900575198802e-02
2.078999999999999945e-02 2.360414770854566552e-02 2.515363958725998217e-02 -2.402382783802290908e-02 -9.290577477402108680e-03 -1.647103428654398891e-02
2.178000000000000075e-02 -7.992261939234241233e-03 -4.938518129300163706e-03 -2.854807456771825402e-02 -6.405602865153053188e-03 1.618252473574128755e-02
2.276999999999999857e-02 -2.003066571361058687e-02 1.463227996626860310e-02 -2.598764665187543871e-02 1.766264532484571742e-02 4.932088337840877246e-02
2.375999999999999987e-02 1.548606531271623857e-02 -6.975944824630158844e-03 2.053015293239640604e-02 -3.118284134774647678e-02 -1.671510322453241375e-03
2.475000000000000117e-02 4.476453775438284099e-02 2.021757062826335868e-02 5.664447155538850434e-03 6.838025674740708104e-02 1.594976265867470433e-02
2.573999999999999899e-02 1.683065154991798471e-02 -8.965742107348050657e-04 2.029871749053155372e-02 -2.998228077694913007e-02 8.943842083184572536e-03
2.673000000000000029e-02 4.163234079554833933e-02 -2.979905164515989427e-02 4.688083185685743698e-02 2.669191071551698172e-02 -2.980234104799817270e-03
2.772000000000000158e-02 6.945032459024981508e-03 2.384785827511108972e-02 5.816992473488490599e-03 2.110174879556791713e-02 6.827475526913391775e-03
2.870999999999999941e-02 3.041771727921852714e-02 -1.709689789961322398e-02 -4.327089048533753514e-03 3.257637667907579363e-03 3.036898050874893822e-03
2.970000000000000070e-02 -8.842672001648194807e-03 -2.024810955904240636e-02 -6.651627120070613408e-02 4.046289133083849632e-02 1.158118134487757167e-03
3.068999999999999853e-02 2.254742788662022351e-02 -1.799916099166874381e-02 -2.495218333964006538e-02 -2.291754566925902417e-02 -7.167608301968773779e-04
3.167999999999999983e-02 -2.672200351820892827e-02 -1.928451244708353010e-02 1.692689837691897662e-03 -7.156965673069230933e-03 1.530986553646836341e-02
3.266999999999999765e-02 -4.634667984532269379e-03 -7.619937490039536097e-03 -5.461812485781907672e-03 -1.116934115469333730e-03 -8.821336642639057354e-03
3.366000000000000242e-02 5.978774544425319998e-02 -1.159702025052645157e-02 2.408856227429396688e-02 -2.040036977091047934e-02 -1.437361513465174392e-02
3.465000000000000024e-02 5.108759417288171074e-03 4.023948959421920664e-03 -2.456497768424489511e-02 -3.873319664038400029e-02 2.766246515167995398e-02
3.563999999999999807e-02 -4.020250537834246546e-05 1.521009043235301700e-02 -1.911769437520580150e-02 -2.602904258417340633e-02 -3.911080385972807993e-02
3.663000000000000284e-02 2.759730404175712165e-02 4.514612644380958106e-02 -7.851724163156119721e-03 2.028972834765086289e-02 1.736637764861137523e-02
3.762000000000000066e-02 -1.207591275336318895e-02 -1.416815588282515324e-02 -7.255717184162870093e-02 1.368122328036981347e-02 1.354600874767503994e-02
3.860999999999999849e-02 -1.043065828870772083e-05 -3.447689554638018461e-02 -3.954552944348975821e-03 -2.953090459061379416e-02 2.134259226565385706e-02
3.959999999999999631e-02 2.062428268539354820e-02 -6.334108796019683948e-03 -1.357344124482368075e-02 -4.877508410265253211e-03 1.765115527825693309e-02
4.059000000000000108e-02 1.923186064812689930e-02 -8.192383581380108248e-03 -9.066733905755842288e-03 2.600955282476386313e-02 3.104087077813985976e-02
4.157999999999999891e-02 1.404134949156147193e-02 -4.932005513272893354e-02 1.314435743057784873e-03 -1.759191283590524901e-02 1.887820534973196768e-02
4.256999999999999673e-02 -9.665860250854481361e-03 -1.142105829266492137e-02 -1.819964537397887952e-02 -1.706030482987267935e-02 4.202982903652282415e-03
4.356000000000000150e-02 -6.160587335818364790e-03 2.410839525936474183e-03 -1.754159556480038365e-02 -2.223194343886266203e-02 1.262319059726223908e-02
4.454999999999999932e-02 -2.243657869706756208e-02 -1.062876162063296909e-02 5.890886047602955991e-03 -8.932576722058022112e-03 -5.113064504349950322e-03
4.553999999999999715e-02 8.996197048270680036e-03 -7.446684159920038439e-03 -1.177165300100424875e-02 -1.903904805943994888e-02 -4.608806501211868030e-03
4.653000000000000191e-02 4.036414733581846631e-02 1.177217664827964749e-02 -2.842012955284704823e-02 1.901675621000185543e-02 -1.957213514756800388e-02
4.751999999999999974e-02 2.970275556577804676e-02 4.570652476256239355e-02 1.842967451885898014e-02 2.766947262534672977e-02 -2.593664062585155847e-02
4.850999999999999757e-02 5.678607146275264916e-02 -3.898749428614690232e-02 -1.196636092938043079e-02 2.344797861532345665e-02 1.723209745935541659e-02
4.950000000000000233e-02 2.553138545201392865e-04 -1.109177385363746896e-02 7.168388422502353086e-02 1.505599788181409548e-02 1.835645612914989927e-02
5.049000000000000016e-02 3.849152865065497142e-02 -2.925193243620744649e-02 -1.014936455566903435e-02 4.810538029396904669e-02 9.357859440561916431e-03
5.147999999999999798e-02 2.549293061670235283e-02 4.741218163527640382e-03 -3.649749491056190898e-02 -1.546901335248281051e-02 -1.233777719479090852e-02
5.247000000000000275e-02 -3.667670117895101972e-02 2.198675538583128378e-02 3.623407160833146817e-02 -1.521002840054526406e-02 -1.691031090247740315e-02
5.346000000000000058e-02 -1.175907913779089368e-02 4.432565533963714680e-03 -4.210632505946903040e-03 1.562368072127984101e-03 -1.246228814289968359e-02
5.444999999999999840e-02 2.056697338312375375e-02 -3.610531132418423605e-03 6.243834496945170967e-03 1.286941882772580856e-02 3.363651067811335160e-02
5.544000000000000317e-02 -1.350388551916759973e-02 7.359859234853588679e-03 -3.963684934590779724e-02 2.018136982365261248e-02 3.771492882601521629e-02
5.643000000000000099e-02 7.303845572598675895e-02 6.106940897383384553e-02 -1.087457692760292541e-02 -2.214491587138319589e-02 -1.297221492287487475e-02
5.741999999999999882e-02 -9.638809786437411639e-03 2.810494811562897974e-02 -2.321943568694942797e-02 3.198749380670281445e-02 3.704464804063298949e-02
5.840999999999999664e-02 -5.385225583696566336e-03 -1.829927106296578426e-02 1.264666607680733912e-02 -4.351382784127012793e-02 -2.062050290534719540e-02
5.940000000000000141e-02 5.253429418290999492e-03 5.524045597068884782e-03 -2.004169881776796634e-03 -3.143551580177159771e-02 5.050613180074658981e-03
6.038999999999999924e-02 -1.554408793955228824e-02 -3.985151360668305609e-02 -2.653952733843100223e-02 -2.546492809917168601e-02 5.076710598105924066e-02
6.137999999999999706e-02 3.652667743804478145e-02 8.769413330210197935e-03 -1.483395065753483760e-02 6.206833727730835804e-02 1.512799025056967006e-02
6.237000000000000183e-02 -5.845267052586681231e-04 -5.587933173991569205e-03 -2.426436129793536206e-02 -1.246502194580257836e-02 -1.750030594327563194e-02
6.335999999999999965e-02 3.426057606801121563e-02 1.482797058228709462e-02 1.109025382679460197e-04 4.662405943614102329e-03 -5.398363487153876039e-02
6.435000000000000442e-02 -3.925411945576166156e-03 -1.786386938725635642e-02 5.693152837369193017e-04 4.380375132701827545e-02 -1.660591515833904214e-02
6.533999999999999531e-02 -7.910963106061862440e-03 6.853619100001426441e-03 6.297074602568152220e-03 2.147950616136579463e-02 -2.482851299530855482e-02
6.633000000000000007e-02 1.982838637592873945e-02 -2.678565782035092699e-02 -2.751096319614973820e-02 -1.356835761139959411e-04 5.435876946950512871e-03
6.732000000000000484e-02 6.394543659188744317e-03 -1.650206089309024784e-03 1.360967392706190085e-03 2.579574753485844307e-02 2.056520522872257260e-03
6.830999999999999572e-02 -4.182411538366324205e-02 1.733194192473256831e-02 -4.374228162304966833e-02 2.290817753644361701e-02 -2.362416553752560294e-02
6.930000000000000049e-02 2.292830491821426855e-02 2.944550327579704974e-02 -1.203022764849567654e-02 3.199430784918917692e-02 9.399233236705435528e-04
7.029000000000000525e-02 -7.710148688962308212e-03 2.967606007834415818e-02 -1.020204749341215890e-02 9.450860658079230162e-03 -6.906755315711003880e-03
7.127999999999999614e-02 -6.871822637929785905e-03 -1.129082361866152323e-02 3.044022733761351032e-02 2.763442512331969886e-02 -1.383225596932429087e-02
7.227000000000000091e-02 -3.960790320045145391e-02 7.274118565855194722e-03 -2.223835246278693580e-03 3.901065430408251489e-02 2.769812863903380398e-02
7.326000000000000567e-02 -3.206349458941598098e-03 1.198735117977742584e-02 5.148932067852855093e-02 -1.309531826900366645e-02 8.829494849365886883e-03
7.424999999999999656e-02 1.357848624135163905e-02 6.225005915947840612e-02 -9.386608784703256644e-03 1.335123127034085417e-03 -1.162810326832409806e-02
7.524000000000000132e-02 -5.673479490264283533e-03 -1.547500247176703501e-02 -1.046578306914375473e-03 5.557434922755072858e-03 2.089492916226302899e-02
7.623000000000000609e-02 -1.650013568299222785e-02 -3.415632936183628232e-02 -1.110152315846786066e-02 -2.699972528977905364e-02 1.660906933719295125e-02
7.721999999999999698e-02 -1.496483126550008113e-05 1.264168971808179477e-02 2.698960422278384730e-02 -4.355781679356234871e-03 1.795869600042827169e-02
7.821000000000000174e-02 2.182268315265750019e-02 -1.719774979557662023e-02 -8.612744603747984201e-03 -2.071809291343959872e-02 -2.594305044336613422e-02
7.919999999999999263e-02 3.836603744501084629e-02 2.691045639046694277e-02 -1.700654720100833531e-02 1.072252220057123145e-02 1.808895428786679721e-02
8.018999999999999739e-02 -9.985726928607850661e-03 -2.954016109406296803e-02 -1.179742808694943940e-02 9.728764063189980146e-03 1.686982097963664676e-02
8.118000000000000216e-02 4.986018938948955787e-02 -2.607168951637119786e-02 -5.405285755332682809e-03 -2.820965315678873250e-02 1.430486655600899520e-02
8.216999999999999305e-02 -2.915470642748338101e-02 1.695864947584064392e-02 3.250262453496177706e-02 -1.811617955047878717e-02 -5.033460865672641227e-03
8.315999999999999781e-02 -4.075079913369625273e-02 -2.820251401443726186e-02 -4.583316793346661061e-02 4.604126759399478769e-02 -1.445153303049703103e-02
8.415000000000000258e-02 2.433957062146185815e-03 -2.992275145613137316e-02 1.625578204598087176e-02 3.308815369036911813e-02 1.482004008798462093e-02
8.513999999999999346e-02 2.684257372081168616e-03 -8.433834796213115700e-03 -8.507191494074873780e-03 5.772422347813061481e-03 4.041682220759516830e-02
8.612999999999999823e-02 2.127332739945704196e-02 -3.173216096823197434e-03 -1.015228507011475302e-02 4.623544647029199234e-02 -4.316941361650797337e-03
8.712000000000000299e-02 -1.767485511847803267e-02 1.425736445877614361e-02 -5.944147523618732026e-03 -1.033100235641845263e-02 -5.956623692248911271e-03
8.810999999999999388e-02 3.163564352078666181e-02 3.769787676830780795e-03 3.479489878359355581e-02 -9.850636593440112443e-03 -2.626222965724351807e-02
8.909999999999999865e-02 -1.392046260149791721e-02 5.810387452088451934e-03 3.123477407723643413e-03 1.709758939996264661e-03 -3.769115379770821006e-02
9.009000000000000341e-02 8.335916862313936040e-03 2.628241300281226531e-02 1.129278206643009007e-02 -2.149060590017668609e-02 1.789262344536060589e-02
9.107999999999999430e-02 -3.132260343548769199e-02 1.889954116820461230e-02 -8.375277457444129867e-03 2.697988942887342327e-04 -1.403592636361947893e-02
9.206999999999999906e-02 1.858347984176336384e-02 3.811812829227764071e-02 2.284427680612498290e-02 -6.108379395595585348e-02 5.439342672189346334e-02
9.306000000000000383e-02 9.522879135371663251e-03 -1.268018126454749719e-02 3.627344638852358222e-02 2.239422026556963166e-02 1.335038864380443634e-02
9.404999999999999472e-02 5.271943248182034240e-03 8.090038071681565982e-03 -8.388110254966038570e-03 2.129495527190081519e-02 1.986984425478793056e-03
9.503999999999999948e-02 4.056769546962464557e-02 -1.968264531437990614e-02 6.165307232297417839e-02 3.467190230690907898e-02 -1.041490384142615237e-02
9.603000000000000425e-02 3.188696990153444674e-04 1.742632201328227562e-02 -4.546240058073031803e-02 1.576540464334471236e-03 -2.807668295868523400e-02
9.701999999999999513e-02 -2.306647034509390782e-03 2.155817770236711714e-02 -2.115793183661909480e-02 -1.211878666615032532e-02 -2.560862613107342534e-02
9.800999999999999990e-02 -1.568786759842513007e-02 9.650858400575480778e-03 1.809363627183876652e-02 -2.903526489625865570e-02 -9.375561231501778822e-03
9.900000000000000466e-02 -2.808138126846756576e-03 -2.851139197012974875e-03 1.864039863234819190e-03 -1.313637950786582763e-02 -8.987198423630779823e-03
9.998999999999999555e-02 -8.624915362179307043e-02 3.013960790646639035e-02 1.469828756771195686e-03 -3.624843664786391723e-03 5.869002513037423208e-02
1.009800000000000003e-01 -2.583920178533608697e-02 1.233283132582305500e-02 -5.008824859866008519e-03 1.889365066582148964e-02 -1.230718906477259664e-02
1.019700000000000051e-01 -5.809088836568594358e-03 -1.137408134274713913e-02 -1.367223787589328700e-02 -4.522452385341884859e-03 1.903312124224315616e-02
1.029599999999999960e-01 -2.801662430809701357e-02 2.858969596782784048e-02 -8.629429599712077834e-03 1.851812607497981651e-04 2.926994291813336813e-02
1.039500000000000007e-01 -3.364037207593478102e-02 -4.204839545593097214e-04 -1.640495290091694910e-02 -5.183494211316090790e-03 2.189190890518088323e-02
1.049400000000000055e-01 1.895050675462716522e-02 -4.045587819457792389e-02 -4.054153362735909982e-02 -5.103156920237416835e-03 -1.936992313360368046e-03
1.059299999999999964e-01 3.086798372801631551e-02 1.949920418804235384e-03 6.676920391642736721e-03 1.126283427828229065e-02 3.429284273140451728e-02
1.069200000000000012e-01 -1.818772298335716298e-02 -2.020197939930562254e-03 1.974498308089758011e-03 6.412200079493134142e-02 -1.295621924478179698e-02
1.079100000000000059e-01 1.896038883346181508e-02 -1.308241477601206938e-02 1.292447152693960814e-02 7.851544581559873406e-03 5.109906048273314162e-03
1.088999999999999968e-01 1.610138409184719982e-02 3.939186614411454429e-02 -3.725357732368018288e-02 4.067585028559669857e-02 3.149170552859989480e-02
1.098900000000000016e-01 2.904021186564023985e-02 4.245493551366399249e-02 -4.614579821825980782e-02 5.059685447657067542e-02 3.266335218293538178e-03
1.108800000000000063e-01 -2.895621286511932541e-02 2.239441343100758569e-02 1.518116600535112867e-02 1.372059508049345428e-02 4.577129063072930652e-03
1.118699999999999972e-01 -2.922544619020014944e-03 -4.003668282813022117e-02 4.502831163540857440e-02 -4.879679472483554499e-03 -2.627376940462878771e-02
1.128600000000000020e-01 1.548479862151337259e-03 4.383870428037157235e-02 3.211983517912773978e-02 -2.371257103430489399e-02 -1.621790284396568138e-02
1.138499999999999929e-01 5.544673423420204417e-02 2.944257171787695651e-02 -1.108032292453093107e-02 -4.207532620213123853e-02 1.859954228971057166e-02
1.148399999999999976e-01 -2.223937343934179536e-02 -1.041399492074262341e-03 -8.927926090860512781e-03 4.491593342264083716e-02 6.338482550972699206e-03
1.158300000000000024e-01 -2.377239170367791143e-02 2.639610505907766594e-02 -2.389885871593299196e-02 -2.082866604145183157e-03 -1.069005898329046869e-02
1.168199999999999933e-01 -1.089262320570552091e-02 1.784245328141363315e-02 -3.172406288929565527e-02 2.944785283507541859e-02 5.540002042600271868e-03
1.178099999999999981e-01 -1.518750987088946652e-02 1.405639448364951263e-02 1.748704337905508666e-02 3.322134695217339451e-02 2.011879013332772484e-02
1.188000000000000028e-01 -3.269228618041027795e-02 4.339845153968423241e-02 -4.343404669958898399e-04 -5.323708460965488609e-02 2.638322865435272987e-02
1.197899999999999937e-01 3.056592997573865170e-02 -5.608771544837687362e-03 -5.932752977062506761e-02 1.699636626462655217e-02 1.320866824678221599e-02
1.207799999999999985e-01 2.326891928309084492e-02 3.654851436197094263e-03 -7.875810314063431961e-03 -1.061223469033476495e-02 9.998912647052719121e-03
1.217700000000000032e-01 -3.180772161082369345e-03 -1.609550461405328398e-02 1.104441951434334025e-02 -1.380399813717316307e-02 6.789657496492743777e-03
1.227599999999999941e-01 2.116552988908331975e-02 3.868347146602302972e-02 1.862929644694261838e-02 -1.582433926988414258e-02 -5.754827145712057990e-04
1.237499999999999989e-01 -5.522075719384272191e-03 -2.926059391223179498e-02 -1.215685727681488880e-02 -2.739596125981647382e-03 -2.199780029218713351e-02
1.247400000000000037e-01 4.656037690239075294e-02 6.155464613754183141e-03 1.431853302798253950e-02 -1.553160708246839432e-02 -1.551711325367396109e-03
1.257300000000000084e-01 -1.308504792873090017e-02 -9.627951837704188179e-04 -7.905977379314022696e-03 2.465776079069407004e-02 1.265943276619178534e-02
1.267199999999999993e-01 3.337071179948233120e-04 -2.213833280094703454e-02 -4.983471118899218330e-03 -3.461464093799215130e-02 1.935274929894721316e-02
1.277099999999999902e-01 4.034589195395509725e-02 1.750436541177703351e-02 -1.911916709912758403e-02 1.897875865334567452e-02 -1.642841845867570871e-02
1.287000000000000088e-01 -3.147945365723410494e-02 7.945026354102846869e-03 7.295344434542300194e-03 -1.418216875595768554e-02 -1.117299073503289809e-03
1.296899999999999997e-01 -2.718487173384570577e-02 4.521407284496295302e-03 -1.114800987417289418e-02 1.570134571276573382e-02 -5.912234057298261340e-03
1.306799999999999906e-01 -4.702309366247963383e-03 -2.654118276209663663e-03 3.391562533944365854e-02 2.673563022330434011e-02 2.864751617719303936e-02
1.316700000000000093e-01 -1.025232846551640473e-02 -7.863566515003637611e-03 2.668654231312227523e-02 9.732775702200088808e-03 -1.342296652343659240e-02
1.326600000000000001e-01 -1.898304631539890139e-02 7.474831269981546157e-03 3.132048288305280814e-02 -1.950173111565273176e-02 1.960787164887195511e-02
1.336499999999999910e-01 -3.704509115615252542e-03 5.958284276628675151e-03 2.881353617561500935e-02 4.549665044502553685e-02 -1.390505566084608742e-02
1.346400000000000097e-01 3.041960863670238949e-02 -2.759816113934526402e-02 -1.069464052911865172e-02 1.005932477021543453e-02 9.409143153203744850e-03
1.356300000000000006e-01 1.220624555601736681e-02 1.150163267901301543e-02 1.494111935055969075e-03 -3.479847147091625487e-02 -9.803736992208446008e-03
1.366199999999999914e-01 -9.666949247710072274e-03 -1.145267179916129897e-02 -6.853252783730058931e-03 9.829329530105374024e-03 1.760311361937605748e-02
1.376100000000000101e-01 1.589463983585892365e-03 -8.196684345262003537e-04 -1.750133196059075816e-02 8.339355224159510083e-03 -1.498888577708656911e-02
1.386000000000000010e-01 -2.634326078437519356e-02 4.179016483754911804e-02 7.845828445155217379e-03 7.259290149626083932e-03 -6.094985996220119231e-03
1.395899999999999919e-01 -2.888935480607067105e-02 7.166365484984435485e-03 -2.516492057180442707e-02 -5.509016138554475445e-02 5.063530496706176304e-02
1.405800000000000105e-01 -2.201354354550497106e-02 -5.423883788095993849e-03 3.222077788884742527e-02 1.422862363760616505e-02 3.484599747865118474e-02
1.415700000000000014e-01 -1.447783023333199144e-02 -2.563484135005087566e-02 -2.692675574986378578e-02 -3.910592759352467251e-02 5.678774343124577510e-03
1.425599999999999923e-01 6.439240252460945967e-03 -2.941109018000059167e-02 -6.373004435934866369e-04 4.930838647016560876e-03 -4.121451751086900074e-03
1.435500000000000109e-01 2.393078151493744504e-03 1.795800171742529400e-02 -3.358474621692809914e-02 -2.526083389220455493e-03 5.364207229910999269e-02
1.445400000000000018e-01 -2.925458160736156207e-02 1.775346065403632032e-02 -5.284277438285988476e-02 -1.870070898570455609e-02 -5.493498651776997782e-02
1.455299999999999927e-01 7.022370479848575806e-03 -4.770361025106723690e-02 -1.074309868961838450e-02 -1.860853108039366502e-02 9.668680020156352958e-03
1.465200000000000113e-01 4.356981154924347878e-03 7.939618984244237610e-04 -1.997125201758935889e-02 -2.214375392284436209e-02 -1.515648728132958610e-02
1.475100000000000022e-01 -3.322784680378502997e-02 1.946263867088732918e-02 -1.970080728029122152e-02 -2.714134038108392474e-02 -1.988441609755072989e-02
1.484999999999999931e-01 1.108663355208388233e-02 2.082219090339449037e-04 8.827065611312046381e-03 1.402253531478345368e-02 -9.830588989197565353e-03
1.494900000000000118e-01 -5.377437723368713555e-03 7.429979815291674894e-02 2.337283473765664615e-02 -2.256777841567665643e-02 1.103378339686165131e-02
1.504800000000000026e-01 1.781616971713722783e-02 -2.365303527092086494e-02 -1.139709396703065571e-02 3.228389665500156630e-02 -3.553183545969821472e-02
1.514699999999999935e-01 -1.706665346458184846e-03 3.430359097374301863e-02 8.398647025712264319e-03 -1.694112104975615402e-02 4.085010824925726369e-02
1.524600000000000122e-01 3.246453468408518062e-02 5.826770684076137963e-02 -3.161875425616868934e-02 4.445957064286351797e-03 1.737336481510601488e-03
1.534500000000000031e-01 -1.609293861789287683e-02 -3.961949375820491247e-03 3.860899150765518401e-02 -2.564668128329680025e-02 -7.936409657423195915e-03
1.544399999999999940e-01 3.559807303323692454e-03 -3.237888086996451587e-02 1.959121917642795904e-02 7.673247853441460958e-03 -2.304490011558357754e-02
1.554300000000000126e-01 1.565326504440190877e-02 -1.775955723561436703e-02 1.337362509600990325e-02 2.150465914292857411e-03 3.030656224235009355e-02
1.564200000000000035e-01 -3.170021888353306144e-02 1.983432008173706407e-02 2.614922729901544580e-03 -5.250725540138714842e-02 1.220577090922428734e-02
1.574099999999999944e-01 1.968386051059136527e-02 -6.256514013432923349e-02 -3.303246754845271665e-02 -2.843063670751538180e-02 2.372333988889012077e-02
1.583999999999999853e-01 3.717493153106900955e-02 -5.509292779392696050e-03 -1.148226064186711306e-03 -5.875834989709102785e-03 4.952074280613648523e-03
1.593900000000000039e-01 3.200646526613984324e-03 -1.071067081438165786e-02 -1.768519681634197691e-02 -2.549348023545734004e-02 2.959822828741188322e-02
1.603799999999999948e-01 -3.000873880237551507e-03 1.241766436959586446e-02 1.714615733620557594e-02 -5.571599194039836278e-03 -5.170437530541908966e-03
1.613699999999999857e-01 3.662218206482176913e-02 2.304706624615504226e-02 2.555569243396880325e-02 -1.302271621623050588e-02 1.135389403273649733e-02
1.623600000000000043e-01 4.989749952324809210e-03 -1.208918816495677291e-02 1.143744362676805092e-02 -3.491947306988656130e-02 1.988282820478851597e-03
1.633499999999999952e-01 -2.316247725267305338e-02 1.145444978980006932e-02 -6.749058172841909675e-03 -2.599679191355358781e-03 -1.592494225694471299e-02
1.643399999999999861e-01 2.899339722293383520e-02 4.218181129134381132e-04 -8.717932268125436202e-03 -4.297625064768959002e-02 1.763363617596707192e-02
1.653300000000000047e-01 6.059826683539421173e-03 2.051278195155311138e-02 -1.080455684222559470e-02 1.712144950642904145e-02 -1.413850397183634422e-02
1.663199999999999956e-01 -2.742773942042506241e-02 -1.039477228162727362e-02 -7.407052890397425836e-03 -4.079777575408970874e-02 -3.293402322064847409e-03
1.673099999999999865e-01 2.478490919439886933e-02 2.623834436410852830e-02 -6.427206390214892928e-03 -1.117049183214436150e-02 2.110497881118263835e-02
1.683000000000000052e-01 3.033888016500781507e-02 -2.805302702319636618e-02 5.216091481844470357e-02 -7.464168340145044267e-02 9.970529709670879898e-03
1.692899999999999960e-01 5.713553833286672641e-04 -2.777743398175073000e-02 -1.525761670977763412e-02 1.966058016410374490e-02 -5.925213094916240153e-03
1.702799999999999869e-01 -5.088018197284864368e-03 -5.969226711651885037e-02 -1.645897468918944631e-02 1.244518363676434640e-02 -6.741175928295760865e-03
1.712700000000000056e-01 -1.950203174877902096e-02 -3.723320516145187803e-03 -8.757166307918347326e-03 -8.511181645300820416e-04 5.318486717078058784e-02
1.722599999999999965e-01 -4.920621015751711763e-02 2.451658943165180640e-02 2.317658307076277124e-02 -3.601560735308634992e-02 -1.618658705898327888e-02
1.732499999999999873e-01 1.001608315929479291e-02 -7.635008087762362901e-03 1.271833300621246984e-02 1.249442716141382914e-02 1.372357076454482549e-03
1.742400000000000060e-01 3.469793708082657968e-02 2.548262470216606720e-02 3.486358134354838878e-02 1.334908829572993734e-02 1.673305828943657397e-02
1.752299999999999969e-01 -1.061205980977260321e-03 -1.416380220207235502e-02 5.429599935569980051e-02 2.595607193143040919e-02 6.273610325776475538e-02
1.762199999999999878e-01 5.752193710731605576e-03 -1.031833443163813341e-02 2.108180446088138080e-02 1.026292972208078195e-03 2.645479956909301683e-02
1.772100000000000064e-01 1.856114614512322999e-02 -7.008387400499176828e-03 4.145708568055544996e-02 1.369162786521503118e-02 4.336225381059996900e-03
1.781999999999999973e-01 -3.943886043218057524e-02 4.573880093474336217e-02 3.583402087973514699e-02 -1.123662758023039228e-02 1.816990499538779016e-02
1.791899999999999882e-01 -1.028502903287296889e-03 8.118393511932699147e-03 6.690209599422441283e-03 1.089974124551489759e-02 -4.044711436230394308e-02
1.801800000000000068e-01 4.049786722244368836e-02 1.380751705867814573e-02 -2.616603191260131675e-02 -4.497796721048472751e-03 -5.509345064541014154e-04
1.811699999999999977e-01 -3.188720204768401290e-02 1.836621355331096578e-02 2.107797958450789017e-03 -2.346073638216318244e-02 8.261652631537068359e-02
1.821599999999999886e-01 8.019520541231148908e-03 3.795224905934151518e-04 -2.785840620570038950e-02 2.749555306944689512e-02 -4.282835869400632156e-02
1.831500000000000072e-01 -3.532406757674993715e-05 3.325329897195967999e-02 2.523024341917914221e-02 -1.759822857106132718e-02 5.797459609284826704e-02
1.841399999999999981e-01 -3.632555780934293432e-02 2.341648029226878897e-02 -7.092766712376318006e-03 -4.737410373639609068e-02 -1.918204874510871880e-03
1.851299999999999890e-01 1.660619210936671889e-03 3.374469429890447625e-02 5.853503330442224283e-03 1.608933712262747978e-02 -4.747065692112998714e-04
1.861200000000000077e-01 -3.145081423018372679e-02 -1.189920761405943023e-02 -2.222379933367168298e-02 -2.391549215951482149e-02 -1.904812728762556723e-02
1.871099999999999985e-01 2.481698094125298418e-02 1.365632469879938388e-02 6.577254986597048242e-03 -3.112589531513208080e-02 -1.748212319183906766e-02
1.880999999999999894e-01 1.088363657365011561e-01 -4.007417218379525498e-02 3.903877687241922700e-03 4.951851080689554513e-02 -1.695352915494454521e-02
1.890900000000000081e-01 6.131964089817254493e-03 -1.225882928969787913e-02 2.904920128546421842e-02 2.781105278864438868e-02 4.209655580020646437e-02
1.900799999999999990e-01 2.703043080311910012e-02 -2.750531239849978229e-02 1.429367976316058171e-02 -1.406076528734629197e-02 1.095355272880655685e-02
1.910699999999999898e-01 9.746432160067644221e-03 3.682330832250388765e-04 -1.042117826115247607e-02 1.765660147530447033e-02 -9.841681819950874599e-02
1.920600000000000085e-01 -8.975299716618249934e-03 3.335543659465072669e-02 5.116885742508527589e-03 3.487766329809106891e-02 -1.719411750301890829e-03
1.930499999999999994e-01 2.692056967166414193e-03 -9.723931057659129101e-03 2.713697437583439953e-02 -3.428605208199306947e-02 1.662653037098226969e-02
1.940399999999999903e-01 4.762355964200055275e-02 4.377985371325929242e-02 3.006245141380436275e-02 -1.005102469545184757e-02 -3.214699904681212611e-02
1.950300000000000089e-01 -1.484559431809798517e-03 -2.433468765246044052e-02 3.994216334718744994e-03 -3.257231680537498592e-02 3.568280761863799888e-02
1.960199999999999998e-01 -2.194229894094707617e-02 -7.049151002709292020e-03 4.092224639856778534e-02 -5.006914152089212214e-03 -8.024753462394411743e-03
1.970099999999999907e-01 4.761942480293361590e-02 1.939376902234056163e-02 -1.130894745999837248e-02 -5.528713229554334946e-02 -4.623925927527822860e-02
1.980000000000000093e-01 2.764112173541917461e-02 1.063158110914965045e-02 -1.786980862192080050e-02 8.686308110765015439e-03 1.261813732578801958e-02
1.989900000000000002e-01 -1.283237075770004426e-02 1.869847719662961691e-02 -5.625007105559911430e-02 -2.593021590461008080e-02 -3.944456324644032147e-02
1.999799999999999911e-01 1.447535467233930506e-02 5.518892414805778163e-02 5.556922541035429208e-02 -5.914275332391313866e-02 -1.804946112047470241e-02
2.009700000000000097e-01 -3.007117612860162048e-02 1.312759734194354072e-02 2.437779677699550979e-02 2.197451488707648139e-03 -6.904560951363172827e-03
2.019600000000000006e-01 -2.277948067233142443e-02 -6.633858455556028953e-03 -2.266230213949553193e-02 2.736339563758481697e-02 3.541466242266815695e-02
2.029499999999999915e-01 9.201203373501287003e-03 -3.757301903289059913e-02 -3.010571916477149806e-02 3.330335261648387918e-02 -2.329368206923782339e-02
2.039400000000000102e-01 -1.137271185224136144e-02 6.645652620871396986e-03 -4.391208156016546821e-02 -2.357306272422898807e-02 -3.557496572313069427e-02
2.049300000000000010e-01 -1.924372694324222397e-03 -2.084382686996217801e-02 1.545884228092246106e-02 -8.341407284402408209e-03 -2.382026981662748941e-02
2.059199999999999919e-01 -1.908156937658348623e-02 9.578912901445670036e-03 -3.098788386856995633e-02 5.837959630236956576e-03 7.820823977493198548e-03
2.069100000000000106e-01 -4.199039106250250508e-02 -2.498463170875131478e-02 -2.328881644653835181e-02 -3.444014374330436890e-02 3.531037788746564481e-03
2.079000000000000015e-01 1.077992404969667882e-02 -3.861872538444650893e-02 2.735902928833910952e-02 -3.036890659398755465e-02 1.040450125868893662e-02
2.088899999999999924e-01 -1.416565544163975177e-02 -1.592614457303085512e-02 2.822281173857600980e-02 -1.554700547264760077e-02 4.003034505165446039e-02
2.098800000000000110e-01 5.747609868558554297e-02 3.982112485834338883e-02 -1.421417774519312914e-02 1.300470703229401892e-02 -8.360896605089242206e-03
2.108700000000000019e-01 2.138638036892049829e-02 4.372489699121050871e-02 5.086411168234256097e-02 1.462113758789090195e-02 -3.473046126701609393e-02
2.118599999999999928e-01 -1.254494202122342569e-02 -4.509084984519217895e-03 -7.300604067511628700e-03 -2.588655596329720796e-02 -1.980510267999865612e-02
2.128500000000000114e-01 -9.028883679416241717e-03 9.620756414888033056e-03 -2.151668779079738900e-02 -6.469834359106678423e-02 3.482696079089759450e-02
2.138400000000000023e-01 1.863184381845194373e-02 3.121760027200543366e-03 -1.776516195004523152e-02 3.521219776644467832e-03 2.298022115748858674e-03
2.148299999999999932e-01 1.405930173986652716e-02 -4.522735331811480325e-02 1.867971402057679725e-02 -1.221309736267200789e-02 1.307460809675506548e-02
2.158200000000000118e-01 -1.895927956055557580e-03 1.657172737622909743e-03 -3.417812029570505006e-02 1.096109223846796800e-02 -1.756181856110618916e-02
2.168100000000000027e-01 -3.162956848216214034e-02 -3.266105560138648362e-02 2.400173229005336459e-02 4.686984792004421363e-02 -6.480160554139050184e-03
2.177999999999999936e-01 3.191468104655512117e-02 4.988761065470077166e-02 -2.967871377079259188e-02 2.248998080692850288e-02 2.100635435416900454e-03
2.187900000000000122e-01 -7.294151112699674699e-02 7.545226065947699921e-03 -5.237429100660070946e-02 -1.252077149354077421e-02 -1.688505983195484270e-02
2.197800000000000031e-01 -1.700673218756541816e-02 -5.019074952639915321e-02 1.887902300922300255e-02 4.762921653804114142e-02 -5.620842266342440316e-03
2.207699999999999940e-01 -1.582677892439961209e-02 -3.219795727115391110e-02 -2.354811247962801737e-02 1.443031406024318508e-02 6.967731225037988863e-02
2.217600000000000127e-01 4.777269026218038117e-02 4.321223220011650989e-02 3.056247847577878152e-02 -2.326513717377104093e-02 2.019971338935886568e-02
2.227500000000000036e-01 4.384158888468806317e-03 1.478187140539035695e-02 -1.074408492886973383e-02 3.238419795620620101e-02 2.678990713184091228e-03
2.237399999999999944e-01 4.210371415300918213e-02 -4.612986454737710504e-03 -1.682851686717097561e-02 1.612698979953011355e-02 3.431021936715323434e-02
2.247299999999999853e-01 5.739385542523667326e-04 2.501243979212669933e-03 -2.297154489909150610e-02 2.808271190192906941e-02 -2.174916394847090616e-03
2.257200000000000040e-01 2.563809721460921505e-04 1.787670504931969384e-02 3.231331759522994979e-02 -9.726739341569125286e-03 1.282901339469266419e-03
2.267099999999999949e-01 3.174480778171921702e-02 -6.077212955929284233e-02 -3.967375256212320872e-02 -3.935757721021911071e-02 3.254681410377791712e-02
2.276999999999999857e-01 -3.775420448877157831e-02 1.070831063539936893e-02 -3.851307204273501233e-02 -5.975891776690821222e-02 2.545497800881443493e-02
2.286900000000000044e-01 1.062459920069562004e-02 -2.782123182321814825e-02 -1.503230977581269251e-02 -3.051411344233039349e-02 -6.803979386620584435e-02
2.296799999999999953e-01 1.378111494430457433e-02 -1.375347334554328366e-02 -1.793542295228086475e-02 -2.416512633466028764e-02 1.456496982172681386e-02
2.306699999999999862e-01 -2.438915157518828716e-02 1.086448870608279103e-03 -3.367634205197799629e-02 -7.770758837124484321e-03 -8.440144456209665649e-03
2.316600000000000048e-01 -6.138982907043601979e-03 -5.527667634952678974e-03 -2.974776123026133534e-02 4.301276520278675755e-03 -6.140585060240101589e-03
2.326499999999999957e-01 1.749355586057245449e-03 -1.737106539159373811e-02 5.279596531025468331e-02 4.341317611611626714e-02 2.664492750019799988e-02
2.336399999999999866e-01 -2.755462636407244800e-02 -3.586970117294991517e-02 1.255798696082176084e-02 2.815232269605592516e-02 2.644415455477088991e-02
2.346300000000000052e-01 5.651363015941723161e-02 2.799377218417712331e-03 3.562366897299375917e-02 -5.263287698040781948e-02 1.606151852658128931e-02
2.356199999999999961e-01 -2.195868794927690812e-02 -2.744345919760495228e-03 -7.497801787875193157e-03 -2.362483035234431636e-02 1.250782364930248629e-02
2.366099999999999870e-01 -4.185814586144183391e-02 3.206049250984909643e-02 -4.629519032411996173e-03 -2.072166677961716219e-02 2.230625924540984711e-02
2.376000000000000056e-01 4.160740539133082200e-02 -3.498523865562312013e-02 -3.704381669527564112e-03 -1.250438173743395089e-02 3.606727668237854484e-02
2.385899999999999965e-01 -5.243062773882838090e-02 5.561552384674945532e-02 1.048118700141596835e-03 8.443065603467274013e-03 2.995312072656016594e-02
2.395799999999999874e-01 -2.286366853064137478e-02 -1.974697326246387802e-02 2.269930932650408503e-02 -2.727451096967139273e-03 8.354252722520164737e-03
2.405700000000000061e-01 1.814013350894203361e-02 4.488450175941403886e-02 1.956446190744502798e-03 -9.284368044224475952e-03 1.004427713270994969e-02
2.415599999999999969e-01 -3.175906448116241898e-02 -5.430176372354048042e-02 1.230234226060110923e-02 8.594732196101802224e-04 4.441025102891230786e-02
2.425499999999999878e-01 9.602969430534730524e-03 1.442807248298295583e-02 1.222661235475304073e-02 -4.441116619316186342e-02 -2.857808230694046728e-02
2.435400000000000065e-01 -2.089295827424077212e-02 -1.095940951228051644e-02 1.291636792497299728e-02 -3.144371658931225961e-03 -8.729914961968765486e-02
2.445299999999999974e-01 -4.815429939164643514e-02 1.323223998466387368e-03 -4.097170333605781173e-02 8.867602475010795057e-03 -8.036480611167062804e-02
2.455199999999999882e-01 -3.882884499312104498e-02 4.871656364058399129e-03 -2.497346545448126537e-02 -1.929260147944376544e-02 1.057021638058313999e-02
2.465100000000000069e-01 -3.363517045312409970e-02 -3.120854014339220078e-02 2.988110383750706284e-02 -1.136777704418110227e-02 2.024597800066489303e-02
2.474999999999999978e-01 -1.161624703482901262e-02 -8.944676546507058720e-03 -2.188492510387765946e-02 -1.874063752543241035e-02 -1.543014703871577360e-02
2.484899999999999887e-01 1.728774942648544921e-02 2.371552106861974860e-02 2.001614395102166433e-02 -1.367685245088807143e-02 -2.684472779248232507e-02
2.494800000000000073e-01 5.199874793306900889e-02 -6.060415087395559786e-02 -3.136557783807153617e-03 -5.693869497589383599e-03 -1.905817101627375540e-02
2.504700000000000260e-01 1.941061795219518882e-02 -4.536718898684667829e-03 -8.745142339984319363e-03 3.622484484889106873e-04 -2.218247429098763393e-02
2.514600000000000168e-01 1.735874377436673680e-02 4.148898736001849219e-02 2.503001066351511622e-02 3.674223428931981845e-03 -6.474294336821236062e-02
2.524500000000000077e-01 3.272775986050504172e-03 -7.657460140444574855e-03 2.884024462724319934e-02 1.673610185865275629e-02 -1.093741015556029886e-02
2.534399999999999986e-01 1.577002489981653779e-02 -1.765336128357715417e-02 -3.675411989433055582e-02 1.426807869066388373e-02 -8.027326372300296053e-03
2.544299999999999895e-01 -1.885070989227212793e-02 -2.753005529502919671e-02 1.438571418176833386e-02 -4.652234949655292134e-02 1.005923684124584820e-02
2.554199999999999804e-01 -5.466766358715260954e-02 -2.060567533770757756e-03 3.644449152303192579e-02 1.972416640171225158e-02 -2.268130970004845256e-03
2.564099999999999713e-01 1.171146449699464985e-02 -8.491612765226688384e-03 -1.407734160508038700e-02 -4.135618591397961785e-02 -3.135569366842404920e-02
2.574000000000000177e-01 1.313271165796104159e-02 8.185335903116625067e-03 2.316818800611245704e-02 3.656401404358246288e-02 -8.942130172677835095e-03
2.583900000000000086e-01 4.089516711749845851e-02 3.299992439657307292e-02 2.385888494844214114e-02 -1.155478011677344742e-02 -1.297973021810014914e-02
2.593799999999999994e-01 -1.922551262072944717e-02 -1.560585200799107300e-02 3.767584255586059472e-02 -2.762334799164577193e-02 -7.144024829129943209e-03
2.603699999999999903e-01 1.951667168485759661e-03 -6.842748149851424211e-02 -2.944137402357831571e-02 -3.843754536748012623e-02 -9.048319229504921124e-03
2.613599999999999812e-01 -5.785813572331454692e-03 -1.943711792758045023e-02 2.116369548270594439e-02 6.029500317091072287e-03 -3.575636436295624027e-02
2.623499999999999721e-01 1.012277724227571112e-02 2.224585774225857487e-02 -1.493228352461306585e-02 -3.426349420659906969e-02 -1.590360397016715374e-02
2.633400000000000185e-01 4.949679632990651446e-02 -3.384057921890434861e-02 -5.985585314389813005e-02 -5.535050428645747062e-02 -1.000693541827977866e-02
2.643300000000000094e-01 -1.762280388814078946e-02 -2.078762702796749934e-02 -2.749816444068083759e-02 3.738876312482852099e-02 4.177548016462206276e-03
2.653200000000000003e-01 3.414165196368532107e-02 -8.744706566013582885e-03 9.152576110053455439e-04 -2.654300185979129381e-02 -5.732529043501076449e-02
2.663099999999999912e-01 -4.961502128622455147e-03 -3.305171098212650316e-02 -2.958666134251571739e-02 2.585934829366260193e-02 1.615299798093707689e-02
2.672999999999999821e-01 -8.208329471076594719e-03 -1.839546652703451246e-02 1.018511327509477420e-02 -2.482032956550195985e-02 -1.146662420575820206e-02
2.682899999999999729e-01 -1.839844001960683206e-02 5.333723504904160778e-02 2.776784880493152891e-02 2.482101727951610028e-03 -1.909804674309815986e-02
2.692800000000000193e-01 -2.104625186996262470e-02 -2.803625358864533703e-03 4.211789038041703105e-03 4.589335134687250878e-02 1.092931940742415328e-02
2.702700000000000102e-01 5.874800914307563154e-03 2.723417131332122113e-02 -1.805516529124024392e-03 7.064328530763354201e-03 1.104289966570986062e-03
2.712600000000000011e-01 3.925948946517231891e-02 8.036399469110246802e-03 4.443756232782770238e-02 4.884018466549618770e-02 -1.572782530044779248e-02
2.722499999999999920e-01 -1.755191711047861996e-03 1.431745452108400957e-02 -7.483498863269016053e-03 -2.022086010488755373e-02 1.673578951695589914e-02
2.732399999999999829e-01 -8.772048433993435979e-03 -7.789484581972670740e-03 -2.432851103570269832e-02 -7.416346454344643901e-02 4.682219900299283005e-02
2.742299999999999738e-01 -2.763938585109840251e-02 2.076230780398805389e-02 1.973575988884843785e-02 5.898604903655698881e-03 7.628442739083025718e-03
2.752200000000000202e-01 -6.764738503007543778e-03 -3.911423497418013012e-02 8.110025412793839261e-02 -2.977511277672808751e-02 -1.194438734418729227e-02
2.762100000000000111e-01 -1.751012838003787814e-03 1.622063866184722189e-02 1.958979333267554454e-02 -1.438093040726939366e-02 -3.035892468944522207e-02
2.772000000000000020e-01 -1.810373439806039000e-02 1.127766677004387111e-02 3.746052295163695717e-03 1.916326819388985969e-02 1.477630840043818276e-02
2.781899999999999928e-01 -1.479125919167376731e-03 1.375801098352829460e-02 -1.374485676883950742e-02 2.586079988830721627e-02 -1.650141436227388402e-04
2.791799999999999837e-01 -1.519792742511024558e-02 -1.743235977182704469e-02 -5.931873270673748873e-03 -6.309332531242797977e-03 -5.111404400454096913e-02
2.801699999999999746e-01 -4.315995851058438554e-02 -5.378814668894368878e-02 3.395105351060120208e-02 -3.795328536645337092e-02 -3.010713241816987892e-02
2.811600000000000210e-01 -6.218853422447644021e-04 -8.911347713317854672e-04 2.964160233122611204e-02 4.285083444691645781e-03 -1.726478535035596770e-02
2.821500000000000119e-01 -1.697312673928247362e-02 -6.533351601402324904e-02 3.619426111405590289e-03 -3.996319706433766605e-02 3.396011608209862503e-02
2.831400000000000028e-01 -1.997842396529665721e-02 1.707465384382373871e-02 -5.041068688686514698e-02 -3.530741336460761770e-02 1.085608051412674177e-02
2.841299999999999937e-01 1.920659556405158661e-02 -4.849432574417662789e-02 2.342229357653205848e-02 3.077977913922899135e-03 -2.437104284297433171e-02
2.851199999999999846e-01 -7.635614741509446658e-05 2.280767673071734322e-02 1.593615196356828675e-02 4.292131159337191776e-02 -2.145955304650599277e-02
2.861099999999999755e-01 1.906024459981752947e-02 3.395748996922227231e-02 1.333396216272423468e-02 -2.161055324954694226e-04 -6.059074156361371997e-03
2.871000000000000218e-01 1.270379209240176180e-02 3.162835067353164664e-02 -4.392927527762911094e-02 -2.038030178017638527e-03 1.665018174449826643e-03
2.880900000000000127e-01 7.185355005412753619e-03 -8.523765402409913539e-03 -3.282122314394580326e-02 6.468607595050959377e-03 5.555375428873811448e-04
2.890800000000000036e-01 1.471232469823076892e-02 -2.836361105479303160e-03 4.477268466505420624e-02 1.952655934336851307e-02 2.735815613369459772e-03
2.900699999999999945e-01 3.181350627494353156e-02 1.585419008817719536e-02 3.028559542035584584e-02 2.766748461272186543e-03 5.237183771666070742e-02
2.910599999999999854e-01 -5.191404946033592593e-02 6.233168875527780872e-02 -2.773949332255555913e-02 2.819487803004072993e-02 -4.145522174384617953e-02
2.920499999999999763e-01 -1.195417862046637726e-02 3.660939487225498695e-02 7.019738814582274222e-03 -1.633897699935996789e-02 -7.597314628731524286e-03
2.930400000000000227e-01 4.781090495883653924e-02 -3.005502774171264595e-03 1.289055078657330884e-02 -9.524456295661103827e-03 1.261452373227208226e-02
2.940300000000000136e-01 -1.574856210622510924e-02 1.948423716092838320e-02 -3.860139640077581841e-02 2.407185701132870739e-02 -3.229296833884538753e-02
2.950200000000000045e-01 -1.280483363166418824e-03 -2.499779652015151482e-02 -1.155021528822939431e-02 -3.510531584732399374e-02 3.433601493370816438e-02
2.960099999999999953e-01 -9.936039092055945141e-04 1.209706076977245387e-02 -3.374207531751588496e-02 -3.348348192086176428e-02 -1.922030979807108977e-02
2.969999999999999862e-01 -1.949464477403913681e-02 5.061596418982261536e-02 4.660972067144745351e-02 -1.715837948728100512e-02 7.752348558436641598e-03
2.979899999999999771e-01 -4.637187172101658872e-02 -1.185356775233305411e-02 1.271053619962541487e-02 1.036872536050096466e-02 -1.650318126368543678e-02
2.989800000000000235e-01 8.247361552598276311e-04 -1.654091842998156635e-03 2.481724345939531617e-02 -2.855946901152998929e-02 -6.469646481151715423e-02
2.999700000000000144e-01 -2.114571427366437883e-02 -3.479350367587425580e-02 8.614201810732066700e-04 3.146489287366379534e-02 1.398961730725487018e-02
3.009600000000000053e-01 -1.852484396873861627e-02 -6.843015632254485781e-03 -2.856752940444620779e-03 -4.993646027351877903e-02 3.785440840154644104e-02
3.019499999999999962e-01 5.754757840846213071e-03 -4.105004058918546722e-02 -1.757557098899718492e-02 1.498763955055652276e-02 7.752617928982538306e-03
3.029399999999999871e-01 1.627294258812024899e-02 1.978944852017762608e-03 1.853265199971295546e-02 3.657282830564453132e-03 4.184977680839237213e-02
3.039299999999999780e-01 1.362849351937012871e-02 1.431513219244591809e-02 -4.245158410698150579e-03 -2.190801896895399822e-02 5.590734867728384960e-02
3.049200000000000244e-01 3.234299303844104245e-02 5.754762873680330411e-03 3.339165877400001453e-02 1.909399311192632939e-02 3.209876721956856239e-03
3.059100000000000152e-01 -5.899069667184415194e-03 -1.942723161513560878e-02 2.579120158300653859e-02 2.083233191283775931e-02 -5.146048659288861640e-03
3.069000000000000061e-01 1.622550412355671171e-02 -1.979475940686452676e-02 5.383855323992779024e-02 3.913904766961944642e-02 1.146983956854055742e-02
3.078899999999999970e-01 -4.845139009638154033e-03 2.336178851104071721e-03 -2.682085692012583372e-02 2.490448177754362585e-03 2.150761042526510083e-02
3.088799999999999879e-01 1.015976139412573011e-02 -1.417788764201786261e-02 -1.559680116665050804e-02 5.570882269810092761e-03 -3.015138471287054367e-02
3.098699999999999788e-01 2.438665411857894594e-02 1.317638564134872986e-02 -4.531329501632124640e-02 -1.557713249138906620e-03 -5.202701453172108026e-02
3.108600000000000252e-01 -1.445105248733140856e-02 -2.233266363198790211e-02 3.949675847164592357e-02 -1.562814184164333653e-02 -1.500845039828835152e-02
3.118500000000000161e-01 8.749493803909533240e-03 -1.330298086785211770e-03 3.025014938236508799e-02 6.178414189125644093e-03 -4.394835996896522684e-02
3.128400000000000070e-01 4.131807681006583084e-03 2.430166959266261140e-02 -4.656219534853769091e-04 3.451809309217750144e-02 2.143806218962987769e-03
3.138299999999999979e-01 -3.476400702624737882e-02 -1.114677042481783745e-02 -1.459349128300820725e-02 -1.835919805777926463e-03 -1.010854574485215568e-02
3.148199999999999887e-01 1.417500800811967877e-03 4.285790091254240014e-02 -3.119138939827123189e-02 -7.797054253517144221e-03 -7.378987945902611492e-03
3.158099999999999796e-01 1.115730694542382308e-02 -1.330549923905029359e-02 1.232354365412742514e-02 1.500034317983563875e-02 -1.920454764074666643e-02
3.167999999999999705e-01 6.898954963735447893e-03 -2.174495394164022155e-02 4.613264657679792824e-02 -1.610213022607389841e-02 4.716502636375650981e-02
3.177900000000000169e-01 -1.367178402093857268e-03 1.362047512267578094e-02 -3.986939744059991853e-02 -3.979799320130510652e-03 3.759249476269066470e-02
3.187800000000000078e-01 -2.877522541490253050e-02 -3.900330569474522689e-03 -2.119647422273997998e-03 3.771636397319366729e-02 -3.921123443146993376e-02
3.197699999999999987e-01 -4.966240169106053703e-02 -1.619749753891340169e-02 -3.383216996676521870e-02 7.723112066871951412e-03 -3.928251491542854301e-02
3.207599999999999896e-01 -3.142815346779003621e-02 3.038478395206721180e-02 -5.107541546701347551e-02 8.470568409894378356e-03 3.969024140144686297e-02
3.217499999999999805e-01 -1.462985999855945587e-02 -1.728696281208291080e-02 2.200440401929247385e-03 5.226527801766993331e-02 4.114062315161205047e-02
3.227399999999999713e-01 2.527026160827163144e-03 -5.184069501013010423e-02 6.483187896791799305e-03 -1.960717999699579384e-02 -5.173602640438278166e-02
3.237300000000000177e-01 2.070047161437901448e-02 4.708915253795529360e-02 -2.552192871508281169e-02 3.597103630537346226e-03 4.793872373342466381e-02
3.247200000000000086e-01 -1.567804543585219271e-02 -8.593540529214500553e-03 -5.911426253789628382e-02 3.181713025540572337e-02 -1.741176550299424614e-02
3.257099999999999995e-01 2.032010668446399687e-02 -5.774642265807512082e-02 -1.348595350448891783e-02 5.525379278806014094e-02 -7.800901284418812129e-03
3.266999999999999904e-01 -3.208773075087648780e-02 -9.148454064933107810e-03 -5.848704004194319600e-02 2.981242173246501093e-02 2.723203676207465885e-03
3.276899999999999813e-01 -2.073322831967965366e-02 -8.565261089314626236e-03 6.206544754550911286e-02 5.421496507821963774e-03 -3.863586226045540375e-03
3.286799999999999722e-01 1.239297700238513496e-02 7.923489752507385103e-03 -1.401813931233851767e-03 -1.097831223739141257e-02 2.243128566563862628e-02
3.296700000000000186e-01 3.816163573776047008e-02 1.924864025718043062e-02 2.152366136450160200e-02 3.864579490171102943e-02 -1.587968689739619951e-02
3.306600000000000095e-01 4.628537252079106129e-02 1.959427172368378989e-02 4.462513932019346319e-02 2.457903867090803149e-02 -3.038169049550176401e-02
3.316500000000000004e-01 -1.802219064681669439e-02 -2.611343827367100523e-02 -1.384112660609547636e-02 -1.637450774446477450e-02 -1.583894191012005445e-02
3.326399999999999912e-01 4.123997193727513277e-02 2.837768963821463240e-03 2.672626306596544501e-02 2.490809485566332360e-02 1.952763725921430327e-02
3.336299999999999821e-01 -2.743226135128445584e-02 5.463661745758871535e-02 1.401350100817323578e-02 9.383987425567182072e-03 1.129736551439409868e-02
3.346199999999999730e-01 3.679304962116358713e-02 5.011573946348481939e-02 -9.872226721416747092e-03 -6.936049538529950875e-02 -6.796536932070180309e-03
3.356100000000000194e-01 -2.182981896566203381e-02 3.230177438196196044e-02 6.701145110714283593e-03 -1.005725639824696892e-02 -2.135857082141946750e-02
3.366000000000000103e-01 8.483074312810257034e-03 6.016780555732529441e-04 -1.659589190664874370e-02 2.300059195943789797e-02 1.053626587387080510e-02
3.375900000000000012e-01 -1.736378168407998884e-02 -8.903255042763539781e-03 2.114706011402863947e-02 1.902464770018627571e-02 -1.486329071950001808e-02
3.385799999999999921e-01 -1.943361733359604817e-03 -1.265169216246253212e-02 4.565833135285248673e-02 -5.246321822137299182e-03 -3.119036823530054944e-02
3.395699999999999830e-01 -4.244205659333839115e-02 -2.013858696419188951e-02 2.247932935727678730e-02 -4.683745733538881295e-02 2.530278548876891374e-03
3.405599999999999739e-01 1.054232053135002609e-05 -2.952423455566724822e-02 -6.520689195171140186e-03 9.663527439318333329e-03 -2.682580683729814466e-02
3.415500000000000203e-01 9.390135182425100174e-03 1.111498349193970614e-02 -9.000138123450256503e-03 -1.641436537311041430e-02 -1.471949716424059834e-02
3.425400000000000111e-01 1.787251361284546147e-02 3.139960442184083766e-02 -3.071217519492779524e-04 -1.362475295918186280e-02 6.701722457649584262e-03
3.435300000000000020e-01 -2.340209329297124677e-02 3.084357983372769309e-03 5.504490348340290544e-03 -9.085664341242759984e-03 -1.699136293342271356e-02
3.445199999999999929e-01 1.187240246212265156e-02 -4.742327038906730963e-02 -2.919776952284175442e-02 -3.901135965103830899e-02 -1.675736851504502564e-02
3.455099999999999838e-01 -3.446881721461561229e-03 -6.760770555477439714e-02 -5.275431858678419732e-03 2.763384697478032948e-02 1.629167981674923410e-02
3.464999999999999747e-01 -4.114303417022019058e-03 -7.862978362381768324e-03 -1.392857189259602210e-02 1.829357697653899092e-02 2.352669791165615948e-02
3.474900000000000211e-01 -1.046283272198738484e-02 -2.176075666705525394e-03 1.346237314485604526e-02 2.732251480485074421e-02 -2.336083247743972122e-02
3.484800000000000120e-01 3.216583711850232868e-02 -4.055059060801510275e-04 7.337622803965227966e-03 -1.175750156809978429e-02 -3.158163766925292226e-03
3.494700000000000029e-01 1.475405920406553176e-02 2.023411072210160380e-02 -5.078369942411889958e-03 -2.133028360758151484e-02 3.468138189451837414e-03
3.504599999999999937e-01 -1.665053223370733040e-02 -9.585656105402506075e-04 -5.218461023237198904e-02 -1.632470347414393883e-02 -1.176100022474345363e-02
3.514499999999999846e-01 2.356334475500411474e-03 -2.488024404883375576e-02 2.835819217792212923e-02 -8.813328411995803406e-04 1.665957528491638501e-02
3.524399999999999755e-01 2.943570273681076974e-02 4.441376172443653458e-02 -4.802800677837491122e-02 2.080110411850593158e-02 -2.011988634366777828e-02
3.534300000000000219e-01 -7.122886500782123383e-04 -4.902955814999393133e-03 1.681480701699468103e-02 4.872597329475408107e-03 -1.258041121770365686e-02
3.544200000000000128e-01 3.545589405173003861e-02 -1.250703502692795607e-02 2.862310184295573448e-02 8.303470481525852473e-03 1.425667147612046104e-02
3.554100000000000037e-01 2.270941554304792970e-02 -8.869645771620980222e-04 5.654095245905256528e-02 2.281317791136116060e-02 -6.221249387170409151e-02
3.563999999999999946e-01 2.808154637746860735e-02 4.722253731595604104e-02 -3.671645949464791281e-02 -4.543445683185529972e-03 -8.894792135924003279e-03
3.573899999999999855e-01 -6.370508392908176033e-03 -2.885106233594884884e-02 -3.096366247116472473e-02 -1.405705170002805558e-02 5.949323066117443402e-03
3.583799999999999764e-01 -1.905637081784402123e-02 4.275317215274847260e-02 -7.514236576715717375e-03 -7.136330652803488106e-04 -1.025246556356061364e-02
3.593700000000000228e-01 -2.486556747878573143e-02 -3.652280263562433793e-02 4.932892886429567081e-02 -4.293766299142861426e-02 3.435845728799698934e-02
3.603600000000000136e-01 -1.787865531465208588e-02 -2.496226445744627667e-02 -7.473828855759058302e-03 -2.831200524820196712e-03 -4.003754854495883420e-02
3.613500000000000045e-01 3.227923329223697513e-02 -1.452918865898308702e-02 -8.658817993380318184e-03 2.007409282120076535e-02 1.723427195191834169e-02
3.623399999999999954e-01 1.128231556239147303e-02 -3.465093852536573621e-02 1.308468363313876857e-02 -3.322704910426373115e-02 -4.017699165606742479e-02
3.633299999999999863e-01 4.637130607730821641e-02 -2.647242385833709771e-02 -5.443587056469393129e-03 2.961743333800537920e-02 4.667712905646266563e-02
3.643199999999999772e-01 1.042666010214387921e-02 -1.859068254707129525e-02 -6.804872868404539255e-03 2.558494676420812464e-02 -6.654990466888917669e-03
3.653100000000000236e-01 2.106387468028624466e-03 -2.144739811296952903e-02 2.322735803115832595e-02 2.854908871234765680e-02 -8.307568580781901288e-03
3.663000000000000145e-01 -1.673693227713373213e-02 -1.113339479924881949e-02 8.050516955401714955e-03 5.034536502124516838e-02 9.092005937392896170e-03
3.672900000000000054e-01 4.419925633454451115e-03 8.672710315829187597e-03 -8.830888136101784636e-03 3.168336440501324115e-03 -6.256129388890244690e-03
3.682799999999999963e-01 -1.418387936102477424e-02 -2.794071622917276496e-02 -1.689381951361412434e-02 1.347881469136806738e-02 -1.527367259129058970e-02
3.692699999999999871e-01 -1.461136186721649285e-02 2.912170817240233162e-02 -2.413356932317359607e-02 -2.361068289467805476e-02 -9.987131145638502780e-03
3.702599999999999780e-01 -4.097466429934801431e-03 -1.081341408850703192e-02 -2.273154308045828229e-02 2.051493252273464685e-02 4.387129942474161243e-02
3.712500000000000244e-01 -3.148952237133448295e-02 -4.712900082636380800e-02 -9.983817434871145036e-03 1.811533689852697776e-02 -1.986546419754476461e-02
3.722400000000000153e-01 -5.191672652486292033e-03 9.754115046500519415e-03 -1.434290076324699729e-02 -6.667147484203340621e-04 5.158239010891817883e-02
3.732300000000000062e-01 3.144890101392570220e-02 -1.526466041155782969e-03 -1.540993265801077206e-02 2.940717916028145681e-02 5.010800954379277146e-03
3.742199999999999971e-01 -1.830290993959622289e-02 1.104099313321393536e-02 -2.427443944287681083e-03 1.354037466332643977e-02 -1.441417659473245676e-02
3.752099999999999880e-01 2.198409796919874662e-02 -2.248527795684759217e-02 2.625013548112511627e-02 2.204292470579810245e-02 1.564394991821212166e-02
3.761999999999999789e-01 1.390384754489946799e-02 -1.561273539853767767e-02 -3.092023763879398705e-03 2.255841651401918266e-02 -4.267662577660633928e-03
3.771900000000000253e-01 -8.046380238212110306e-03 -6.574812043301944686e-02 2.424607687018198905e-03 2.336539968676657614e-02 4.305111440245167065e-03
3.781800000000000161e-01 -1.092494356666867152e-02 3.372449533474625172e-02 -4.349341699295340702e-02 -3.577283747537361985e-03 -3.301276636374127216e-02
3.791700000000000070e-01 -2.886901013044585254e-02 -5.188394336913633442e-02 5.078406468045931765e-02 -2.404849873693785944e-02 -2.681349652407827994e-02
3.801599999999999979e-01 -4.185072138040113465e-02 1.786758492453629707e-02 3.443344379649090209e-02 3.703755205348040203e-02 2.878266581904728380e-03
3.811499999999999888e-01 1.782222575008787519e-03 -1.008088209280037090e-02 -3.875789175109457807e-02 -3.764896267051292406e-02 1.765853417541716694e-02
3.821399999999999797e-01 2.700142037467291936e-02 7.349953778764017898e-03 -2.977311445128567879e-02 -2.121823795164326509e-02 1.850147549290039745e-02
3.831299999999999706e-01 -7.621449214210909186e-03 2.074684904695180132e-02 7.719676458963341259e-03 8.503458024527362977e-03 2.202224843886278066e-02
3.841200000000000170e-01 5.222662547400976421e-03 3.971936711805961612e-02 5.065606124822055745e-03 -1.998560927130204126e-03 -3.361244301880522700e-02
3.851100000000000079e-01 4.401140459617177564e-02 2.250812171999567665e-02 2.486504320860705511e-02 3.314377989795476431e-02 4.141798357930881469e-02
3.860999999999999988e-01 -1.153375808443509593e-02 -2.430177934763173148e-02 -1.834605023780224928e-02 3.156063296237480303e-02 -6.121713223695766752e-03
3.870899999999999896e-01 -2.953627101753354342e-02 -1.636213803905656183e-02 1.218139388811754521e-03 3.504900150223487498e-02 2.937235159429484217e-03
3.880799999999999805e-01 1.911531641063738546e-02 -4.264768427983869209e-02 -2.194897257399642046e-02 -1.007854670856077328e-02 5.545151090937413749e-03
3.890699999999999714e-01 1.886711204953322660e-02 2.869969770583121610e-02 9.722880914359376125e-03 2.774405084815784878e-02 2.987888479075199652e-02
3.900600000000000178e-01 4.462238970746595229e-02 5.498573952934986651e-03 3.763250363784555880e-02 1.222938545204846524e-02 -5.088649442278692092e-02
3.910500000000000087e-01 -2.073208289658454336e-03 -5.424152935839584438e-03 -3.754723008685696434e-03 6.170927965689970013e-02 1.628970376459105279e-02
3.920399999999999996e-01 -4.141539713298718339e-02 -2.310841124129962842e-02 1.175299728439838272e-02 -3.238075583384635719e-02 -1.457290696882231409e-02
3.930299999999999905e-01 1.555364970381664181e-03 -2.614207655415989873e-02 4.336464996200909555e-02 -2.673527215282918076e-02 -6.609741545795008721e-03
3.940199999999999814e-01 1.959877953244863399e-02 7.770413953826984946e-04 -1.765202327466963358e-02 2.903888831081354038e-02 2.344329918363572546e-02
3.950099999999999723e-01 5.960887949575458845e-03 1.316428571073061105e-02 3.752747459313754419e-02 -6.293273648805441066e-03 3.250134534769731631e-02
3.960000000000000187e-01 -7.079012777839883627e-03 3.415144297085055680e-02 3.422693908813391472e-02 2.965694408028850346e-03 -5.866559327096985271e-02
3.969900000000000095e-01 -2.986190582724878445e-02 -1.413673089441470389e-02 8.181546249158408793e-03 4.206780653784578800e-02 -3.354194212834001043e-02
3.979800000000000004e-01 -1.397071964523765447e-02 1.906819637574040313e-02 -3.949143021073645010e-02 4.211679647113332481e-02 3.296053157074966405e-02
3.989699999999999913e-01 1.501766924817975971e-03 1.088265234114505495e-03 -4.091051465562437622e-02 1.902597179286771856e-02 8.063119021785667556e-03
3.999599999999999822e-01 -6.156745091042655632e-02 2.035480478346134159e-02 -9.417920848497761399e-03 1.983288007953492443e-02 4.037967125893105781e-03
4.009499999999999731e-01 -7.960133552179261829e-03 -1.183341931437210861e-03 2.007591687388136925e-02 1.341235120478122961e-02 1.565139557034198395e-02
4.019400000000000195e-01 2.424795104286183930e-02 -4.691881337566099902e-02 8.312848609625786769e-03 7.110555927486206240e-02 -4.879751110997307406e-02
4.029300000000000104e-01 5.096385848410854742e-04 2.447898094731587940e-02 1.494475768728472861e-02 3.251158174742286439e-02 -1.363520408558450622e-02
4.039200000000000013e-01 2.339284222857649503e-02 -1.775679648387308920e-02 -2.802425107838657156e-02 1.186978355866848654e-02 -3.676649967409252595e-02
4.049099999999999921e-01 -4.887576423671020388e-03 1.408200694809685558e-02 -2.938935426130000802e-03 -2.695611869499923291e-02 2.103054059345858817e-02
4.058999999999999830e-01 9.986132349321783300e-03 3.388112055487835922e-02 7.395242177657651399e-03 -1.868864418824095486e-02 -4.104307578963795056e-02
4.068899999999999739e-01 -1.769598164877590404e-02 -1.997749210924967822e-02 8.531143238697427855e-02 1.574752128865257797e-02 -1.409646121373965902e-02
4.078800000000000203e-01 4.146601666369553740e-02 4.892602811388625100e-02 5.468429494898371934e-02 -2.296082704707979108e-02 1.668298852270749810e-02
4.088700000000000112e-01 3.619708710631556331e-02 -6.177159381413253186e-03 2.405769966261073201e-02 -2.582538950274496439e-02 3.517101022426838419e-02
4.098600000000000021e-01 3.273248892905214155e-04 4.724668019065449143e-02 1.835120659164597452e-03 -1.907355323236052669e-02 -2.014790787205778672e-03
4.108499999999999930e-01 2.954433581649328414e-02 4.006156188423792841e-02 -6.871111424734030124e-03 3.814899136952865782e-02 -1.960790897534437152e-02
4.118399999999999839e-01 3.656241976573408256e-03 -1.326100050788876251e-02 2.522269192054541701e-03 1.156401873871372617e-02 -1.280217770303968515e-02
4.128299999999999748e-01 -2.414390002127990778e-02 -9.474545860493975569e-03 3.160140028413479379e-02 -9.891899781435672251e-03 5.685411775957130605e-03
4.138200000000000212e-01 -6.676533604067308447e-02 -9.898589882378888011e-03 1.161253002567161179e-02 -1.170747201025132585e-02 -1.014287464476399184e-02
4.148100000000000120e-01 -3.473986527290171683e-02 3.178120129045893666e-02 6.172815610620617510e-02 2.534861328488508328e-02 -1.207948037334166495e-03
4.158000000000000029e-01 -3.312623959444530117e-03 -1.649884472918325753e-02 -1.132306767149541399e-02 1.490762484982194498e-02 1.873921808024399394e-02
4.167899999999999938e-01 3.337324045173265669e-02 -3.020606551564769190e-02 -7.923823948392394109e-03 9.420382242238936957e-03 -2.598849625113562253e-02
4.177799999999999847e-01 1.629672987487584953e-03 -6.836620376147420786e-04 -3.537433929179319148e-02 -1.244253228675322454e-02 -3.627943601541088608e-02
4.187699999999999756e-01 -1.110883380454144240e-02 -1.367920936683988779e-02 9.627670973318198239e-03 -3.302121444936542347e-03 3.112298284089479866e-02
4.197600000000000220e-01 1.009770903745726631e-02 2.203834915849089710e-03 -1.652980093121553598e-02 -7.332188969759200793e-03 5.557124035584095484e-02
4.207500000000000129e-01 -1.997149377411162191e-02 4.329454502375961952e-03 -2.024059919292095847e-02 3.036280862071329828e-02 -5.048123052341296074e-02
4.217400000000000038e-01 -2.213180343409394332e-02 2.376986957080214763e-02 1.007022169653730946e-02 -1.475111582754832888e-02 3.444100459908398110e-02
4.227299999999999947e-01 -3.558679875505654094e-02 -2.806492434446823322e-02 -2.043471296082033373e-02 -1.866445376054572114e-02 3.099919172074131878e-03
4.237199999999999855e-01 5.255017953474479947e-02 -3.655316427453654538e-02 -1.415652957176538954e-02 1.232812539907800729e-02 3.820822292015910344e-03
4.247099999999999764e-01 -2.693930227167098609e-02 -1.242857454720966426e-02 1.580082749806485665e-02 -2.101328552801764310e-02 4.420026458065195660e-03
4.257000000000000228e-01 2.396625958266782042e-02 4.211402612132560119e-02 5.920358580381476950e-03 1.126072044053199640e-02 2.917130380087388022e-02
4.266900000000000137e-01 -3.317196141201004395e-02 -3.782478047030953666e-02 -2.229196719345522687e-02 8.396136437316258083e-03 2.557256003773697786e-02
4.276800000000000046e-01 -6.289877760335245427e-03 7.526434443759816469e-03 -5.614239266034631859e-03 -9.968604555165124642e-03 -1.653493786796486967e-02
4.286699999999999955e-01 -4.340816549561769822e-02 1.054181328757420330e-03 -4.034781710203017013e-02 4.489940172989503490e-05 1.241341859851098628e-02
4.296599999999999864e-01 -1.897652452019376462e-02 -1.247384119880432136e-02 8.892837160983753028e-04 6.969878554376240758e-03 -6.028674607716852027e-03
4.306499999999999773e-01 8.024163215188014064e-03 5.528842991438946697e-02 3.160858768664309704e-02 -1.710482195799763183e-02 -7.619500146355423845e-03
4.316400000000000237e-01 5.713386140071258917e-02 -6.662561240811770702e-02 -5.650824596011548746e-03 9.049023015571372106e-03 -2.898108622192799647e-02
4.326300000000000145e-01 1.762610936893055716e-02 1.945693691990194735e-02 -2.839845967668193100e-03 4.318518957505355915e-02 5.191730895977444971e-02
4.336200000000000054e-01 -3.502688456121761523e-02 8.069500131302462242e-02 -1.213198965475872221e-02 -1.742337771426477264e-02 -1.464266182116185679e-02
4.346099999999999963e-01 1.432082679063936478e-02 -3.092248910998342433e-03 5.753893274403913682e-02 -1.958837494966625056e-02 6.091751270368983562e-03
4.355999999999999872e-01 1.741859505685550147e-02 -2.367504505428454781e-02 2.374695085352131196e-02 3.360041790192003913e-02 -2.992947216361172350e-02
4.365899999999999781e-01 -6.636412719680678807e-02 -2.985018714794243633e-02 -3.689365801899664038e-02 -2.709252961172921737e-03 2.456551445966797739e-02
4.375800000000000245e-01 4.327237343366503036e-02 3.636626039475626682e-02 1.503285682578841230e-02 -1.017657444213556327e-02 -1.905896044358650759e-02
4.385700000000000154e-01 5.814080816036253790e-02 1.471644529120019924e-02 -5.236281755549759831e-02 -4.650564842821641731e-03 -2.582013289977096865e-02
4.395600000000000063e-01 2.688115877853857263e-02 3.160394925471467220e-02 -3.492306811473481348e-02 -8.039208773868246338e-03 9.353924743615536774e-04
4.405499999999999972e-01 3.989717712817650308e-02 1.653541549326134966e-02 2.387555796092932781e-02 2.836678758656457564e-02 -7.224912117195545803e-03
4.415399999999999880e-01 -3.085643711734419731e-02 -3.137755778710404897e-02 -8.504344226793723177e-03 -2.600300767237987212e-02 -9.667291296840949122e-03
4.425299999999999789e-01 -9.953234377097042868e-03 1.289995952106936031e-02 4.117149934724619390e-03 2.322037955295896960e-02 -1.525749930907228545e-03
4.435200000000000253e-01 3.251887780367038183e-02 9.748341906651514926e-03 1.385977999137696405e-02 -2.887612796911925156e-02 6.811108765452730807e-02
4.445100000000000162e-01 2.832681105741075359e-02 3.072568741770105236e-02 2.148733342740903607e-02 -2.317667937613917314e-03 5.216470323809353771e-02
4.455000000000000071e-01 8.182181786948530822e-03 6.385589706602874671e-02 4.265116683484110674e-03 -9.376707355241169564e-03 3.731345876175008736e-02
4.464899999999999980e-01 -4.254704777156119617e-03 3.284051307865033797e-02 -7.416968200438288361e-02 -2.115477826785177803e-02 1.394702822168815241e-02
4.474799999999999889e-01 -7.390425486406259617e-04 2.032203808939160236e-02 3.908200104921333295e-02 -2.034835478727995903e-02 -1.239935538820986782e-02
4.484699999999999798e-01 -2.016591604050465419e-02 -3.926657894579066443e-02 6.821481168795007384e-03 2.327916279992682178e-02 -4.221219479728072904e-02
4.494599999999999707e-01 1.083269613732212346e-02 2.866153246060191076e-02 7.634382158517131166e-03 -3.646385952874189092e-03 -1.399940352746078739e-02
4.504500000000000171e-01 1.817174839330694402e-02 4.003383863958982769e-02 -3.384796389001360623e-02 1.312275791056208112e-02 -7.069517186032121814e-02
4.514400000000000079e-01 -1.690779328062507608e-02 -2.411794109033758501e-02 -4.372590844270073801e-02 5.913727633019722624e-02 2.673252009567560553e-02
4.524299999999999988e-01 -2.892560681980808554e-02 8.020618282187397252e-02 4.878405693092838225e-02 7.394281564310657175e-03 -1.372332215924071397e-02
4.534199999999999897e-01 -4.536419722515820652e-02 9.593719188259002689e-03 1.170808975363232286e-02 -1.062591579038599720e-03 -2.151773099352266225e-02
4.544099999999999806e-01 -2.078842754209232410e-04 1.853527693506444932e-02 3.484247253335333305e-02 -1.246862379942892743e-03 -1.842521455754510262e-02
4.553999999999999715e-01 -1.831923496952558850e-02 -9.157546648811402956e-03 2.701526464598183377e-03 2.734740202409927101e-02 -3.837888721607056464e-03
4.563900000000000179e-01 -2.221178842404782777e-02 -2.866947993862111951e-02 -1.346153623826335140e-02 -4.252767003574284629e-05 -2.099831362066038876e-02
4.573800000000000088e-01 -2.461075708644940713e-02 1.732059428346826094e-02 -8.184403072228431386e-03 5.831687001690122329e-03 -1.638546733981492351e-02
4.583699999999999997e-01 -2.456426639934403914e-03 1.031619260520427392e-02 -3.670987539998058977e-03 1.403595772938823205e-02 3.177277364263796089e-02
4.593599999999999905e-01 7.928741943120268948e-03 -1.642711908873524182e-02 2.745079205277371412e-02 -2.063483631260801254e-02 5.672345387015443642e-03
4.603499999999999814e-01 -3.371614003495472349e-03 -4.162875853502507467e-02 -2.947594221652571553e-02 -1.653616577140601049e-03 6.210061145916364288e-03
4.613399999999999723e-01 -2.237804161747364642e-02 2.439466638414692842e-02 -1.850139283511388275e-02 8.414547315716334672e-03 -5.370332969536815992e-02
4.623300000000000187e-01 2.325241466692423709e-02 -4.472943205947475104e-02 2.542418834992788562e-02 -3.004162485291973772e-02 -2.002068393186287251e-02
4.633200000000000096e-01 -1.906880512882599141e-03 -4.076724772064738850e-02 -3.872545609436711667e-02 3.519095746251509754e-02 -3.853361431044338703e-03
4.643100000000000005e-01 3.972011170813434522e-02 -2.726211094248487399e-02 -2.964780288501943448e-03 1.805516384711961658e-02 -1.918812991405249510e-02
4.652999999999999914e-01 -2.211695898309387967e-02 1.463450353039680470e-02 2.722907800501377096e-03 2.427817216973334261e-02 -3.129948969184470631e-02
4.662899999999999823e-01 -4.504349639054574389e-03 -8.702742056985462993e-02 -3.511169472023116522e-02 -3.633459053984146488e-03 -3.732931962016336480e-02
4.672799999999999732e-01 -9.830381422582861947e-03 3.381900234889623214e-02 -4.128805390166444961e-02 3.340358127096443308e-02 -2.280442736374478988e-02
4.682700000000000196e-01 4.505611672517177702e-02 1.590910353058467425e-02 -2.244394179637205014e-02 -1.926339699498205021e-02 2.571401802380545235e-02
4.692600000000000104e-01 2.551300379396310297e-02 2.840539582209000019e-02 -8.827410046775192171e-03 -2.131156766060619823e-02 1.609591964026099026e-02
4.702500000000000013e-01 -1.822802632216092189e-04 9.903177431588826296e-03 -2.909957428415656591e-02 4.869277983259900217e-02 -3.803543805886493157e-02
4.712399999999999922e-01 1.778762086116559421e-02 2.168803536678721305e-02 -9.765679299015689579e-04 -3.268871419475082724e-02 2.945447936780667270e-02
4.722299999999999831e-01 5.863461690050499053e-02 7.275782022195025935e-03 -3.159292954175735128e-03 2.747069065799024462e-02 -3.695949965462339004e-02
4.732199999999999740e-01 4.930621237435207221e-02 -2.331646529549835992e-02 2.704081654827750723e-03 -3.789136545129016820e-02 -1.179393646540170121e-02
4.742100000000000204e-01 -2.518863591123990733e-02 9.145881436074653620e-04 8.214956699312858310e-03 1.667534055451187769e-02 2.328289264250699500e-02
4.752000000000000113e-01 -7.507307492830682383e-02 -2.813606917028197568e-02 8.640107976453568995e-04 3.775013888371325788e-02 2.120549388357882356e-02
4.761900000000000022e-01 -1.803997900648160110e-02 3.544760225039822465e-02 -2.410540458017242788e-02 -6.642157715394805990e-03 1.845925041271941069e-02
4.771799999999999931e-01 -2.270841329232068523e-02 1.404248530366802167e-02 -3.794962534568812208e-03 1.443244568864418022e-02 2.866485531266889722e-02
4.781699999999999839e-01 -3.186611436931655571e-03 -4.197326997386770231e-02 -1.690089393082995495e-02 1.418960661362937692e-02 6.521472197950410783e-03
4.791599999999999748e-01 -7.496740324361310381e-03 -1.157968888311876332e-02 4.231250527748940671e-03 2.722609769944552352e-02 4.165719563606712361e-02
4.801500000000000212e-01 7.282722528641207005e-02 5.598789517943553347e-04 -1.239809734974768422e-02 -1.565009537443535353e-02 -8.820930088846793901e-03
4.811400000000000121e-01 -1.671402948811697570e-02 -5.909615696367053438e-03 -1.452184536354836700e-02 1.538306058214054459e-02 -6.220147922421444438e-04
4.821300000000000030e-01 3.581529504767612978e-04 1.132628691088386277e-02 -1.905515822429618318e-03 3.296194294393938601e-02 4.570060501868818126e-02
4.831199999999999939e-01 -2.861863738603432836e-02 -1.602817813911437250e-03 4.015950523637019064e-03 5.269537455070281984e-02 -3.037416939352824072e-02
4.841099999999999848e-01 -1.972904034200928872e-02 5.024797272257628018e-03 -3.892116346868853410e-02 4.668640922404895116e-02 7.800305715723279687e-03
4.850999999999999757e-01 -3.693931009873042265e-02 3.014185450269342426e-02 -2.630497300737361099e-02 -9.874129754246953675e-03 -2.353633343799224761e-04
4.860900000000000221e-01 2.325320258221868358e-02 -1.869915327178272094e-02 -1.040054412472638835e-02 -3.885198858901633707e-03 -5.715507919616939769e-02
4.870800000000000129e-01 3.267954020325677944e-02 2.306978608087075291e-02 1.384215336593279042e-02 8.218618245061913921e-03 2.953745616268652410e-02
4.880700000000000038e-01 7.346938245481103233e-03 -2.476278692823767613e-02 3.561806057861129082e-02 1.449844157079245403e-02 -1.929503393447641948e-02
4.890599999999999947e-01 -1.977684077286544564e-02 -2.761673833642877204e-02 2.288173079562203879e-05 2.700950109550564332e-02 2.556540667037341535e-02
4.900499999999999856e-01 -8.200376136949252825e-03 3.560266499581589417e-02 -3.016930027824621038e-02 -2.815041760707778090e-02 -5.877614309446181108e-03
4.910399999999999765e-01 -1.782516226137357065e-02 -8.376860983186899812e-03 2.936342654505529060e-02 -7.719107749791821738e-03 1.399372777432659337e-02
4.920300000000000229e-01 2.367108829757288632e-02 -5.448879464974105274e-02 3.093881578128173868e-02 8.111216381511692983e-03 -5.070490043311633860e-02
4.930200000000000138e-01 5.327057042724163242e-03 8.254970120427154723e-03 -4.223505879688512626e-02 -2.253007990277063749e-02 -1.545184080402320706e-02
4.940100000000000047e-01 1.674370962233358425e-03 -7.931814944236094400e-03 -4.441697498840572328e-02 1.583670422683913087e-02 -2.135869850637765396e-02
4.949999999999999956e-01 -2.463938644759285828e-04 6.102112756484800830e-03 2.468458084291567586e-02 -9.271873564496178888e-03 8.968924105543054845e-03
4.959899999999999864e-01 -1.088598801660782024e-02 -5.758707526819935828e-03 -1.595773264112445439e-02 -4.160085401676581751e-02 -1.740880413480596104e-03
4.969799999999999773e-01 4.117822128702970652e-02 1.408187596534219745e-02 1.638557115420201035e-02 -2.943960215049825843e-02 -1.238967768184045040e-02
4.979700000000000237e-01 -2.290838804592126160e-02 6.011232119114712225e-02 -5.566897477840545422e-02 -2.420817790790221261e-02 -2.176158637043129618e-02
4.989600000000000146e-01 -3.695128070127193937e-02 1.649153006819044365e-02 2.041716377697330720e-02 -1.682229146792070182e-02 -7.059064766467381194e-03
4.999500000000000055e-01 -3.409427689750594431e-02 7.356718048814472367e-03 2.610259443485801051e-02 -1.252277340695123753e-02 1.320709497438584670e-03
5.009400000000000519e-01 -7.231738175199554225e-03 3.229211429043440940e-02 4.000793513944284063e-02 6.392445970960379878e-03 3.006576811885158795e-02
5.019299999999999873e-01 6.244580031723725999e-02 1.235296196907856581e-01 6.089995704951801231e-02 1.068287851979189823e-01 5.674335521301285962e-02
5.029200000000000337e-01 8.112604603249672086e-02 1.155790774747394306e-01 9.582404743225327037e-02 1.004128508523039892e-01 4.791838249869755095e-02
5.039099999999999691e-01 1.128832266913992327e-01 1.478597825048051650e-01 7.238706717835344251e-02 1.346987709603602035e-01 6.565907805464464564e-02
5.049000000000000155e-01 1.383102163945142127e-01 1.423976740179527523e-01 9.873841927380065664e-02 1.388801937746667881e-01 6.917457828124513874e-02
5.058899999999999508e-01 5.159666752510005949e-02 1.765142443284200280e-01 1.048925011045613864e-01 6.253309025378321617e-02 1.303183859445168624e-01
5.068799999999999972e-01 1.498126013444913418e-01 1.296963433696237677e-01 1.122206943204879653e-01 1.109092998510824435e-01 1.412494506359369961e-01
5.078700000000000436e-01 1.171991109674847681e-01 1.885781482751989202e-01 9.988077119664973136e-02 1.736082434242242900e-01 1.019692292478826673e-01
5.088599999999999790e-01 1.141430890749644406e-01 1.328146679285402143e-01 1.532961206092010309e-01 1.259683152690681540e-01 1.003781240057952245e-01
5.098500000000000254e-01 1.244622208649096839e-01 1.804383927316779990e-01 1.364354510086424055e-01 1.367873442951272889e-01 9.963808137607835236e-02
5.108399999999999608e-01 2.051190904441716478e-01 1.159076125892404135e-01 9.421295692422038126e-02 1.269946831393736486e-01 1.628454483604448721e-01
5.118300000000000072e-01 1.318445251955122632e-01 1.704623857950499644e-01 1.763351445155275643e-01 1.316417784546787817e-01 9.986008580467609086e-02
5.128199999999999426e-01 1.938707646245032001e-01 2.294002838206639638e-01 1.283010579601072121e-01 1.918339689792170621e-01 3.225626335306780446e-02
5.138099999999999890e-01 1.459736003547064398e-01 2.096599968642364475e-01 1.219498938976197322e-01 1.126976475408987960e-01 9.704290545778246346e-02
5.148000000000000353e-01 1.409472276968802840e-01 1.566248557994093793e-01 1.384356814405773295e-01 1.328319354174999634e-01 1.103441455430191620e-01
5.157899999999999707e-01 1.240393252909141736e-01 1.639007839097605113e-01 1.879138877606629510e-01 1.301429197209551525e-01 1.229157460886907832e-01
5.167800000000000171e-01 1.786597719336293910e-01 1.332017734246023488e-01 1.387074922060593241e-01 1.324609990375922031e-01 1.041838829864934479e-01
5.177699999999999525e-01 1.904702722245576463e-01 1.528002695636440922e-01 1.297735337173480941e-01 1.440943606030447299e-01 1.032616435403472949e-01
5.187599999999999989e-01 1.272910278605662582e-01 1.600168438378876401e-01 1.073377934428187408e-01 1.012334929284699342e-01 8.039719721742885628e-02
5.197500000000000453e-01 1.390421291947375459e-01 1.000535551735880074e-01 1.121410014949450057e-01 9.388739290143531535e-02 8.999039936724814726e-02
5.207399999999999807e-01 1.055971635976564738e-01 1.283602740351779958e-01 1.005659713163324226e-01 1.232194316015349234e-01 1.238957163492916541e-01
5.217300000000000271e-01 1.245126943475683423e-01 1.355769406443575187e-01 1.715269804229623551e-01 9.194551712723859904e-02 1.429092869120359433e-01
5.227199999999999624e-01 1.073077019142317373e-01 1.333151389493912875e-01 1.312463730398725770e-01 1.328624307910326319e-01 1.055191067337722527e-01
5.237100000000000088e-01 1.478351151997945312e-01 1.413017797517157337e-01 4.541421810973500506e-02 7.172355066254552936e-02 1.323122478357062481e-01
5.246999999999999442e-01 8.830178994212829757e-02 1.367297102518142404e-01 1.689698257464829489e-01 1.280673916015357405e-01 1.044651273760103249e-01
5.256899999999999906e-01 1.106198318860876079e-01 1.251084233870455309e-01 1.193570955708583986e-01 1.172868332856236290e-01 1.188591480879263446e-01
5.266800000000000370e-01 1.401015500348051779e-01 1.091038045964696918e-01 8.905755532889182702e-02 1.196050432228412397e-01 1.260204314470816378e-01
5.276699999999999724e-01 1.040918440028333336e-01 7.811256142082047271e-02 8.969311740724386639e-02 1.379324156819740632e-01 1.148270446579297416e-01
5.286600000000000188e-01 9.673856978778175297e-02 7.679935947866584067e-02 1.300090284973911825e-01 1.765763905886695850e-01 7.658851210443133606e-02
5.296499999999999542e-01 7.738598178445854625e-02 9.213148515027955177e-02 1.368662616497704487e-01 8.679933895632316321e-02 8.642419621780128569e-02
5.306400000000000006e-01 9.880774981730650053e-02 1.264778909024438791e-01 7.622111903687402157e-02 7.520481177079262058e-02 1.036135041463700779e-01
5.316300000000000470e-01 1.310344542221173747e-01 1.099410311617033675e-01 1.509326218490330274e-01 9.131993628704135335e-02 9.922759333068531529e-02
5.326199999999999823e-01 5.849192588493970502e-02 7.764820297770905211e-02 9.656905806393190073e-02 9.328915524401384940e-02 6.293549662356483221e-02
5.336100000000000287e-01 7.871943336588717310e-02 5.382641321657408856e-02 8.757854402475753752e-02 1.041648020765136573e-01 7.435116959305554385e-02
5.345999999999999641e-01 1.127364162065767617e-01 1.077782033131025330e-01 8.680559383934333129e-02 8.570171311883512111e-02 4.000475488492827997e-02
5.355900000000000105e-01 1.370224280375078596e-01 1.012525574688946245e-01 7.893060126634793283e-02 1.139241499057058460e-01 1.025299438397312274e-01
5.365799999999999459e-01 6.645255671412821086e-02 2.465552853325641419e-02 1.452455322160606244e-01 1.181052172900060176e-01 7.802897576993472750e-02
5.375699999999999923e-01 4.757946490433340170e-02 9.412487609648613474e-02 9.423021274793519364e-02 4.725372530259550063e-02 9.874221265292476568e-02
5.385600000000000387e-01 6.123997817384183029e-02 9.458889252952644433e-02 1.242126891008209361e-01 1.028342387959527843e-01 3.328240984796193569e-02
5.395499999999999741e-01 9.095782445146410877e-02 9.055142110602287797e-02 9.497359098990604265e-02 7.051846863157314182e-02 2.713538422079123449e-02
5.405400000000000205e-01 1.672953594080379136e-01 6.104518362033424517e-02 3.421727941628802810e-02 4.786589070163334292e-02 4.402014672505997345e-02
5.415299999999999558e-01 3.966262622002917487e-02 8.277295292666478344e-02 5.756742518083434595e-02 2.975395968582667319e-02 8.885837007330522896e-02
5.425200000000000022e-01 5.976958931927330715e-02 1.165830691618583298e-01 1.249943410923900072e-01 6.094394557533711065e-02 6.952437435972190494e-02
5.435100000000000486e-01 8.315925989945074925e-02 8.139157766486429524e-02 7.844265701589883677e-02 8.095772120671519689e-02 3.913100186146439147e-02
5.444999999999999840e-01 7.646438201370814314e-02 1.130097599422941468e-01 8.236543939455047425e-02 9.712957231297777994e-02 6.525184849601430026e-02
5.454900000000000304e-01 4.380437882602086080e-02 9.067133034289666382e-02 7.959756469588143146e-02 4.170812176455125642e-02 4.585792162932501165e-02
5.464799999999999658e-01 1.033657055132978092e-01 6.270678447371783037e-02 7.729929345113545347e-02 1.190538146516899043e-01 6.012890437978282016e-02
5.474700000000000122e-01 4.223433813185739627e-02 9.426520165827946551e-02 7.840504946668920561e-02 8.615845157985869973e-02 1.333007627712671193e-02
5.484599999999999476e-01 1.250136574083867969e-01 8.827396381765716116e-02 8.772717801022517081e-02 7.020113048227803743e-02 6.169048183392521201e-02
5.494499999999999940e-01 1.066797149137052036e-01 1.076312956169921814e-01 1.160640055047193198e-01 1.306656223801341554e-01 2.467565229294975404e-02
5.504400000000000404e-01 8.870425849289165221e-02 4.543581966171247877e-02 1.327216414523001153e-01 3.496985688252827323e-02 7.795711754259129767e-02
5.514299999999999757e-01 8.976937940452681119e-02 1.243901578412114593e-02 7.138441566474372502e-02 7.529556076537839704e-02 3.208614112463772927e-03
5.524200000000000221e-01 4.033956236049483085e-02 5.755897573568303366e-02 9.455641073895446058e-02 3.081995678834476698e-02 3.115119815321973004e-02
5.534099999999999575e-01 4.170359744806859115e-02 9.065589561329270851e-02 6.455880824737926515e-02 7.324036850874236781e-02 1.065005282137200700e-03
5.544000000000000039e-01 4.408231323427481974e-02 4.551901241742972726e-02 3.327068138814891218e-02 6.386098745067288196e-02 6.303403820549091652e-02
5.553900000000000503e-01 5.720437692162778920e-02 5.427521380073090790e-02 4.494034745819143473e-02 1.967774194114107339e-02 2.577829896225059675e-02
5.563799999999999857e-01 6.770014336819894785e-02 6.166921697567076532e-02 9.628041896120537180e-02 6.430893857922399814e-02 8.106246356315910395e-02
5.573700000000000321e-01 8.231399908070743954e-02 5.005310621378990243e-02 7.344341658052717936e-02 9.241069855607197958e-02 6.914448233303147062e-02
5.583599999999999675e-01 1.052237079113234886e-01 7.657544973884312933e-02 7.818798346498921636e-02 8.163488488106297736e-02 3.784425702688962861e-02
5.593500000000000139e-01 5.896019100106019567e-02 1.151191432121588809e-01 5.235878242277761108e-02 3.669655954129760755e-02 6.396247465578534797e-02
5.603399999999999492e-01 8.288442975667051349e-02 9.296190084992138336e-02 1.567382006721654633e-02 3.901611808253355879e-02 2.956418481076718285e-02
5.613299999999999956e-01 7.795393759977463193e-03 9.573643446301104143e-02 4.770595942361484376e-02 4.383820225363878331e-02 3.830516673197701533e-02
5.623200000000000420e-01 7.874904457257103640e-02 4.589770766199588112e-03 7.545389708622707303e-02 8.986407266445517461e-02 2.979073233055930942e-02
5.633099999999999774e-01 2.192384085511106181e-02 -3.649559707139597448e-03 3.548365737150223354e-02 8.141686408741000136e-02 4.302774931675255182e-02
5.643000000000000238e-01 6.954113694155374115e-02 4.217731185791006449e-02 7.244419404449370381e-02 7.576327981082935092e-02 2.783022315879741387e-02
5.652899999999999592e-01 5.890965395027198542e-02 4.542612102375227084e-02 9.033320476390063747e-02 9.810216395679989543e-02 4.282910168293679876e-02
5.662800000000000056e-01 4.720415423289926055e-02 5.329386621512620381e-02 4.015371599348636911e-02 7.906365467194774455e-02 5.333183646261022842e-02
5.672700000000000520e-01 4.558472700934680655e-02 7.537353167976557078e-02 7.582258102902537933e-02 5.426417434509572812e-02 4.700510265824175277e-02
5.682599999999999874e-01 9.337962423260462441e-02 9.946626583116710552e-02 1.660758233168861675e-02 7.089979558013942418e-02 -5.136088822630037899e-04
5.692500000000000338e-01 3.357336859417923980e-02 5.344730449855000093e-02 9.552203190533814503e-02 3.702256339764586207e-02 9.613982824247634118e-02
5.702399999999999691e-01 8.476940293416382333e-02 2.134468451191157828e-02 8.131374374252881010e-02 1.286427917886871601e-02 -1.085701052493761448e-02
5.712300000000000155e-01 6.655958186553256883e-02 3.732503101485596525e-02 5.378597960150592605e-02 5.248641813581023802e-02 -2.324744743791242363e-04
5.722199999999999509e-01 5.143771797617475647e-03 7.302358398837972830e-02 3.071813048165131232e-02 7.080938870545104569e-02 5.607861559175832816e-02
5.732099999999999973e-01 3.318445481743844544e-02 3.955979808185232371e-02 8.786139116115415648e-02 7.714448115518046656e-02 4.282665459434435717e-02
5.742000000000000437e-01 6.122478718804783698e-02 9.722614082135525027e-02 4.519596488525466638e-02 5.473262491024336734e-02 4.500612013372524284e-02
5.751899999999999791e-01 5.495111417217542898e-02 3.901173197078585536e-02 9.828979480685960668e-02 7.043673688877057082e-02 7.294454813013614980e-02
5.761800000000000255e-01 6.150782885164533115e-02 3.290535383687148707e-02 4.635436413739521533e-02 1.119028757818489248e-02 6.461383704913017945e-02
5.771699999999999608e-01 4.371708373409897985e-02 3.055026030911824498e-03 4.417593392107153211e-02 3.952203696169979963e-02 3.653912973746235859e-02
5.781600000000000072e-01 5.606235664924043988e-02 2.714713663483256725e-02 8.823297930805747147e-02 -4.707274408342787542e-02 1.636250226260017870e-02
5.791499999999999426e-01 4.137509323570909975e-02 3.803483322820980922e-02 7.291145714898863983e-02 1.152126810946194901e-01 4.800637452009309109e-02
5.801399999999999890e-01 2.024332824385825097e-02 5.028429636700701422e-02 4.198306040155981578e-02 3.426311168662241752e-02 4.453634353255744166e-02
5.811300000000000354e-01 3.909310638534622961e-02 4.512575043677553854e-02 6.603186919079452599e-02 6.922774372148060573e-02 7.532631316806423678e-03
5.821199999999999708e-01 4.845468619023635820e-02 6.335535835351631395e-02 4.478507999117502941e-02 -1.428056965914420440e-02 8.413052722157769725e-02
5.831100000000000172e-01 5.172960248940089434e-02 -6.282503392264904632e-03 1.870636751120959278e-04 9.919182858167958916e-03 5.818346904578469703e-02
5.840999999999999526e-01 4.468125349754080433e-02 -1.256348302620583553e-03 8.730819412102451549e-02 3.627163651085961449e-02 2.646573152794114842e-02
5.850899999999999990e-01 6.024868347082475845e-02 3.680841669614448586e-02 2.199957491464109294e-02 8.392871119742342442e-03 3.781881597246370547e-02
5.860800000000000454e-01 2.581133268081527848e-02 7.996468954394618522e-02 7.157000990481711400e-02 3.934192222933924343e-02 1.515316450941641205e-02
5.870699999999999807e-01 4.310928412962961032e-02 1.087328797107585399e-01 5.319911287402714212e-02 7.896049576714467277e-02 5.845934519807923641e-02
5.880600000000000271e-01 3.743388512938559259e-02 6.076743154158612686e-02 -1.416125911963538216e-02 2.745846350343598280e-02 1.017650406787903444e-01
5.890499999999999625e-01 8.068825182516488337e-02 3.956443713489981445e-02 2.766421967446940772e-02 4.839898061254169215e-02 1.482990848531590827e-02
5.900400000000000089e-01 9.046733769704227990e-02 2.297993553590640253e-02 5.435247079655168567e-02 6.084417518997945612e-02 5.625235197004488374e-02
5.910299999999999443e-01 3.789172496508643601e-02 3.144015311584944655e-02 7.576022721414606143e-02 6.060485610171716803e-02 1.390606752504819181e-02
5.920199999999999907e-01 3.567760555070396272e-02 3.954510216803956008e-02 -8.093285576556421505e-04 7.654107912020473303e-02 3.327760570037452403e-02
5.930100000000000371e-01 4.104152534503971439e-02 2.823046222382496334e-02 6.113864295809902372e-02 6.175562876559428926e-02 6.121401837829162917e-02
5.939999999999999725e-01 5.362533785078250209e-02 9.305112603347027653e-04 7.386330021755665998e-02 5.907279293695745503e-02 5.261918447132928750e-03
5.949900000000000189e-01 3.259244511375888800e-03 5.740644084095196387e-02 4.217629667878777106e-02 3.759661062539272625e-02 2.742761550734932122e-02
5.959799999999999542e-01 3.469828942613806949e-02 3.052122667098343747e-02 2.187124569735097654e-02 2.147366113843002591e-02 2.602451136260427664e-02
5.969700000000000006e-01 2.311685398025071364e-02 5.064485472144494155e-02 1.122128532814413021e-01 7.208733518544754859e-02 5.942753050966491368e-02
5.979600000000000470e-01 3.027108428704875995e-02 3.696269646064213182e-02 2.977957715037150496e-02 3.804414446191702742e-02 4.654395689133234565e-02
5.989499999999999824e-01 3.277130765442930194e-02 4.524543049677162004e-02 4.009911219409133254e-02 2.302717411260506511e-02 7.784165944525463059e-03
5.999400000000000288e-01 2.518796183190851259e-02 3.357653735152395930e-02 3.205608601853408846e-02 2.075842416108916906e-03 3.025331018967095803e-02
