0.000000000000000000e+00 -1.581211028447233533e-02 3.234062316604496140e-02 3.642466648678633484e-02 5.564076560021045254e-02 8.085769712051317504e-02
9.841999999999999620e-04 -3.272014594881571953e-02 -5.243086255927444789e-02 -1.520273065785841815e-02 -2.098167344349010158e-02 -1.265659044839903720e-02
1.968399999999999924e-03 -2.639702530698518484e-02 -3.429230884168617960e-02 3.098972813630886114e-02 -2.260506698741876833e-02 -2.135279314205204212e-02
2.952599999999999669e-03 -6.298997524834837325e-02 -3.997660327007496878e-02 -4.183929418034645908e-02 -6.328791380626720697e-02 -2.222791339247633460e-02
3.936799999999999848e-03 -1.339092623461581553e-02 -3.150359465354635180e-02 1.657317324791418231e-02 -1.798794435993321394e-02 3.906130627370063557e-02
4.921000000000000027e-03 -4.299399360259350406e-02 -4.651238641559934245e-02 6.981998758816518845e-03 8.139831411844824019e-03 1.438581348708022761e-02
5.905199999999999338e-03 -3.554008121452110341e-02 -1.512603849511930110e-02 -2.601035963122260222e-02 -3.362127491669861853e-03 -9.008690321129712852e-03
6.889399999999999517e-03 -1.621346882808940779e-02 -5.751939939012960698e-05 -3.309650826169856924e-02 2.748495921530650071e-03 1.229862878792430982e-02
7.873599999999999696e-03 -1.867906951612983285e-02 -1.569171864385807136e-02 -3.083438888193471006e-02 2.127248002561602999e-02 -2.451324413964062893e-02
8.857799999999999008e-03 -3.620397565103439935e-02 -2.632252650478784581e-02 1.611116082024804811e-03 -8.297061199224714523e-03 -3.361401066617758504e-02
9.842000000000000054e-03 4.298349937330781488e-03 -1.062848381037336150e-02 -7.613479514159774905e-03 -4.410585391185068566e-02 -4.109661450013016304e-02
1.082619999999999937e-02 1.807430805129308163e-02 6.828197335312148966e-03 2.153278397022427224e-02 7.693859310499963355e-03 4.480308446075630113e-02
1.181039999999999868e-02 -1.403667320338680647e-03 -1.443489843671522110e-02 1.078071895605821513e-02 2.621802735603174020e-02 8.193375950740124786e-03
1.279459999999999972e-02 -5.616691370802562311e-03 6.547025221812339049e-03 2.411550045876191452e-03 -1.596842256678223174e-03 -4.965506984329527695e-02
1.377879999999999903e-02 9.238712565885060651e-03 7.287756737240374053e-03 -1.878871071481875987e-02 -2.245189719864009413e-03 -3.697779384108307310e-02
1.476300000000000008e-02 -1.599582872812142439e-02 1.172425337914673703e-02 -3.754500090210937530e-02 -1.004263543279768252e-02 4.015733542501381814e-02
1.574719999999999939e-02 -4.477686232509735242e-02 5.471535696124933332e-03 -9.253876321486512180e-03 -2.869376070869812667e-02 7.997485219054592531e-03
1.673140000000000044e-02 1.276957704266767522e-03 -2.602604251205709734e-02 -3.943600474041784182e-02 -2.173801738344676576e-02 -1.694800832720530850e-02
1.771559999999999802e-02 -1.342113461856361475e-02 -1.334512916512778022e-02 -2.835046305513829867e-03 -9.257890067127788961e-03 7.056841199320190890e-03
1.869979999999999906e-02 -1.449884343004356931e-02 -9.647715677586009286e-03 -2.354658755997309297e-02 -2.153979726236069855e-02 1.589118381454534060e-02
1.968400000000000011e-02 1.916842524209526680e-02 4.033220243422811629e-02 -2.134530505960167274e-02 4.293439719830044465e-02 -3.993502631682896431e-02
2.066819999999999768e-02 -2.374713381729561673e-02 -2.562150306629010915e-02 -2.702603856372484681e-02 -3.488925488204126790e-04 -5.058656155445966085e-02
2.165239999999999873e-02 5.566453616300699042e-02 -1.618134974408851068e-02 2.185660603835301238e-02 -2.263966711832614276e-02 -1.990643118078268270e-02
2.263659999999999978e-02 -2.831818214089047367e-02 -1.760109343367230114e-02 -2.091253241340899210e-02 -1.132921203880242131e-02 3.032718362117991714e-02
2.362079999999999735e-02 -9.556115494564207738e-03 -6.682535532553214065e-03 -7.522146038181886643e-05 4.404651156646671728e-02 1.470887678038444984e-03
2.460499999999999840e-02 -1.356341998038706684e-02 -1.754075289475758373e-02 -5.414829521857776606e-02 -4.570703183212457277e-02 -1.929441778535387689e-02
2.558919999999999945e-02 -3.237346359720204292e-02 -1.668610415642728800e-02 2.290257721412246664e-02 7.199124873313201591e-03 -3.594680939380364565e-02
2.657340000000000049e-02 1.136842572776681180e-02 6.400347425989157818e-03 1.208942727535220786e-02 3.319827104489845443e-02 -2.394325312573908349e-02
2.755759999999999807e-02 1.990245114526004513e-02 -8.210536591799820136e-03 1.630731481610159933e-02 -1.223022181423884941e-02 -1.227676525204334998e-02
2.854179999999999912e-02 -8.313542113590352556e-03 -8.322415362113484705e-03 -2.652328706767904595e-02 5.709823142793989462e-03 -2.515332035229632390e-02
2.952600000000000016e-02 -1.906765509198393997e-04 -8.093122754435473631e-03 2.382665918436938091e-02 2.592010551121494422e-03 1.773158978406787906e-02
3.051019999999999774e-02 -3.770997795245890211e-02 1.169575248785341241e-02 1.246358234118697880e-02 -2.197374102073138685e-02 -7.511258877347229412e-02
3.149439999999999878e-02 -4.401600168719073738e-03 5.954889925011194914e-03 -1.393069261716871170e-02 2.859337226391516287e-02 -8.763159668509240552e-03
3.247859999999999636e-02 -4.387418594602150029e-02 -1.172645622251594112e-02 -1.728943226966829158e-02 -9.946104810110640779e-03 -1.954951435241455288e-02
3.346280000000000088e-02 -5.991133566880166988e-03 -4.389662850043663835e-03 2.509700616012718391e-03 -2.664842859504123855e-03 1.591885571127054505e-02
3.444699999999999845e-02 -4.755610395577739360e-03 -1.399699844219041804e-02 -2.412911062911165735e-02 -1.557993453573007199e-03 -2.014711979299274244e-03
3.543119999999999603e-02 -1.823888200398512960e-03 3.972621760156141123e-03 -1.716147251198568008e-02 -1.621024477008154970e-03 -1.623984968718647157e-02
3.641540000000000055e-02 -2.962903539703048636e-02 2.086198939003843997e-02 1.904584953393695552e-03 2.177898288206939897e-02 2.037504015853431119e-02
3.739959999999999812e-02 -3.291667481658754058e-02 -2.252013782294982544e-02 2.891412692574291815e-02 5.337371343405938710e-03 -1.751705875327165193e-02
3.838379999999999570e-02 1.200859888969009297e-02 1.051753595981258158e-02 -8.601152086915576228e-03 -3.235758913418504412e-02 -3.052857949682013378e-02
3.936800000000000022e-02 1.180504197925161258e-02 -1.273624888455268667e-02 -3.359039620549950089e-02 -3.677529091773953929e-02 1.060418512105704147e-02
4.035219999999999779e-02 -2.996076922817658521e-03 -1.517923926106986773e-02 -2.240651069102665358e-02 1.879743279077662407e-02 3.458900645538437804e-03
4.133639999999999537e-02 2.814157658270397249e-03 -8.524559310248860586e-03 2.360644650587043897e-02 2.055438088362332785e-02 9.799163382858182281e-03
4.232059999999999989e-02 -2.380904578439055688e-02 1.240215648054369263e-02 1.609279401761203390e-02 -1.753078339360584006e-02 1.337491525997942451e-02
4.330479999999999746e-02 -3.917570179673727365e-02 -2.938835235007961066e-02 -1.738998996349071582e-02 -1.564389284749990658e-02 -1.211082262950236715e-02
4.428899999999999504e-02 -2.282841248414477220e-02 4.673265792085882359e-03 2.410159847515506298e-02 -5.827524996820833067e-03 -5.433384613312221625e-03
4.527319999999999955e-02 -3.033084870573660857e-02 -1.340641843718171772e-02 -3.394511601517716942e-02 2.104015001537767621e-03 7.042929550337613011e-03
4.625739999999999713e-02 -3.824451399658664735e-02 5.757799726747952693e-03 4.066508316735294865e-02 -1.732766058208147497e-02 3.833186076994238300e-02
4.724159999999999471e-02 -3.752673506239178388e-03 -3.273509547923409563e-02 6.632162120915856794e-03 1.653219299751017236e-03 1.095798899590222190e-02
4.822579999999999922e-02 -1.855400687137233329e-02 -9.988567573802306296e-03 1.048384623270799156e-02 -2.421314423849127082e-02 -3.286862106146835188e-02
4.920999999999999680e-02 -3.207037666057730579e-02 9.346376758233366708e-03 1.476328246483099918e-02 -6.987089536415228355e-03 -4.816151768436031239e-03
5.019420000000000132e-02 -3.643742747162021650e-02 -2.592419827257866263e-03 -1.059302963718715580e-02 -1.460311325447323115e-03 -5.151208425071662766e-03
5.117839999999999889e-02 1.517127893638647342e-02 -6.058882845104459312e-03 1.171230423193646286e-02 2.928514851395156923e-02 2.445231464070565797e-02
5.216259999999999647e-02 -1.186361002971403691e-02 -4.887368275306631926e-02 -3.256277848511872439e-03 9.203340855140983157e-03 1.730769953798721702e-03
5.314680000000000099e-02 1.831102762424640165e-02 1.441556692718974977e-02 -1.602514000068621519e-02 1.733006467831290850e-02 -2.463206356432593586e-02
5.413099999999999856e-02 1.281321905502953197e-02 3.613924193368635469e-03 -2.396674593504402248e-02 -2.530579276754825468e-02 1.906440523574023244e-02
5.511519999999999614e-02 1.132470383716463122e-02 3.204708252945603908e-02 -1.687647733856999926e-02 1.642438292823046944e-02 3.241764706952752345e-02
5.609940000000000065e-02 -3.889255338026369191e-02 1.436509958067086652e-02 -1.241371547174786351e-02 -3.765116968320190993e-02 5.110688783668524554e-03
5.708359999999999823e-02 -1.190463276439183982e-02 -2.111487214752246974e-02 1.258053630322418688e-02 -1.834493766944695833e-02 -3.922835117024910979e-03
5.806779999999999581e-02 -1.673433771365081396e-02 2.358106615761523459e-02 4.837250824154770657e-04 1.584579680416580219e-02 -2.199205073927067502e-02
5.905200000000000032e-02 1.971169023207166096e-02 -4.165733699872550995e-03 -1.570723255562920390e-02 1.448296695824082339e-02 -4.120963090591170039e-03
6.003619999999999790e-02 1.568889900726487280e-03 2.216376570248039177e-02 2.040843887496861936e-02 -2.132868877404161395e-02 6.602559733984244943e-03
6.102039999999999548e-02 -2.711143427187694480e-02 -2.957927169029544653e-02 -4.520728085234416646e-03 -2.724146726794549403e-02 -4.723700280906271282e-03
6.200459999999999999e-02 3.783334574003492483e-03 2.550288225030564876e-03 -2.926668744605746483e-02 1.572424198902171513e-02 4.349136634946311475e-02
6.298879999999999757e-02 -1.158390724581115708e-02 1.398182335469549259e-02 2.786973759123067065e-02 -2.473154210066718338e-03 4.254948072242802082e-02
6.397300000000000209e-02 -8.857551963742047937e-03 2.213225548465078130e-03 -4.490595675010571053e-02 -5.656027869794519498e-03 -3.479180971283217516e-02
6.495719999999999272e-02 -2.782308315272862681e-02 -2.633009794752222063e-02 8.930894182608586224e-03 -1.663873689614843096e-02 4.927131897748299703e-03
6.594139999999999724e-02 -1.126945087019673962e-02 -2.274573184489227587e-02 1.822115834125555278e-02 -5.589587677733948157e-02 1.625763165130008139e-02
6.692560000000000175e-02 -2.437517023648612391e-02 1.325083554840703927e-02 1.822320812063583928e-02 -1.611477575094278497e-02 1.821519009464585281e-02
6.790979999999999239e-02 -4.478016525365849376e-02 1.569799729896353274e-02 4.170643732290503329e-03 -1.929775077144945533e-02 -9.025142096617427487e-03
6.889399999999999691e-02 -1.624961059352446335e-02 -3.065018635839474471e-03 2.617839894965096558e-04 -3.631056450741411770e-03 1.754492991602658175e-02
6.987820000000000142e-02 -1.585059492480317964e-04 -1.494759881615609527e-02 4.267215082583983993e-02 9.208416707443629803e-04 1.295853184221268471e-03
7.086239999999999206e-02 -2.061502258023937065e-02 -1.926733547246575751e-02 2.250877210530929234e-02 3.002771374448529040e-03 3.427205832902219945e-02
7.184659999999999658e-02 -2.991712191555781150e-02 -2.842055159588134303e-02 3.845979282923418785e-02 -2.955995286693160334e-02 -1.414221107391905839e-02
7.283080000000000109e-02 -2.441509904270358286e-02 -7.378943238898012270e-03 -1.946817752731256831e-02 1.672152228145514993e-02 6.428340096379105140e-02
7.381499999999999173e-02 -1.125395450908840168e-02 2.907294736331573343e-02 3.168080446275230860e-02 -1.688133099243438809e-02 -5.171058271372406612e-04
7.479919999999999625e-02 -3.181734748295667048e-03 -6.579092558420126038e-03 9.928370841935263424e-03 4.019025549209487985e-02 -6.019300612371362991e-02
7.578340000000000076e-02 -1.089043478515805581e-02 -1.124013596719683310e-02 -1.200748893780293966e-02 -4.599757930544204343e-02 3.632526199218542450e-04
7.676759999999999140e-02 2.869228529946203990e-02 9.574122933749481396e-03 -3.633877814265272597e-03 1.100912241182569300e-02 -2.053906865014813732e-02
7.775179999999999592e-02 -1.849459807654144777e-02 1.842353411874126084e-03 1.566320119957077860e-04 -1.167406621066605088e-02 2.457321982229827579e-03
7.873600000000000043e-02 1.106443338445258807e-02 -3.039819890967034380e-02 2.399063167832330909e-02 -3.214735389238485008e-02 7.732903315989972208e-04
7.972019999999999107e-02 -1.648635211236299317e-02 -4.546568800301741681e-02 -3.118839157659468106e-02 1.393956133592584579e-02 2.060039603771621902e-02
8.070439999999999559e-02 -4.969171424449979335e-02 -2.146699579354484355e-02 7.983806901706885784e-03 -2.382391077420849268e-02 3.406693475593361269e-03
8.168860000000000010e-02 -3.791851882244247351e-02 -2.993821986623530079e-02 1.122428667328586628e-02 -8.482116675791823157e-03 1.588358404488679140e-02
8.267279999999999074e-02 8.141366604389252762e-03 -1.526536339631135233e-02 1.678687884086586812e-02 2.063983545821764312e-02 -8.795355111436489737e-03
8.365699999999999525e-02 -2.182572562165447164e-02 2.039080750069922204e-02 2.381607127356069609e-02 -1.621388873725916613e-02 2.526024934248996545e-02
8.464119999999999977e-02 1.786012716098492326e-02 -2.126222721475777653e-03 5.486103692849660790e-02 -2.316737598452032337e-02 2.671631259712990529e-03
8.562539999999999041e-02 -1.215850972441201959e-02 1.362711017194462824e-02 -4.474067983091766822e-03 1.859549834680067739e-03 9.686350606677392172e-03
8.660959999999999492e-02 -1.318505266374698885e-02 4.416478996555275524e-03 6.893776859457634298e-03 1.700636548069120457e-02 2.513030021449419449e-02
8.759379999999999944e-02 -9.996442323533591759e-03 3.074682078538443220e-02 1.844495301143157795e-02 -5.612469356798773824e-03 1.993945760142606938e-02
8.857799999999999008e-02 1.683835416642002689e-02 -4.039066576002059428e-02 -5.752769904711136327e-03 -2.230907328311067857e-03 2.459394738075966827e-02
8.956219999999999459e-02 -8.399942108289419618e-03 3.546975444592868898e-02 1.808133085171877152e-02 -2.588992518442153126e-02 -6.192264069012660271e-02
9.054639999999999911e-02 1.242049005653762632e-02 -3.765830746337158613e-02 1.172741758960003586e-02 1.402235700620136499e-02 3.949991443827908372e-02
9.153059999999998975e-02 -1.970622613733650705e-02 5.447460627319287985e-03 2.291187734162964881e-02 -1.386187204875060329e-02 1.455064480847395245e-02
9.251479999999999426e-02 -4.551023940947173524e-02 1.318262274157575714e-02 3.785980082237464222e-03 -1.327550627322715039e-02 -1.302867502989076519e-02
9.349899999999999878e-02 -1.065626627018638299e-02 -5.126921459720495608e-03 3.281440945772998163e-02 -3.706481176364412322e-02 3.936931763976359716e-02
9.448319999999998942e-02 -1.656658320051275848e-02 -1.257510369780570972e-02 -7.946079434229224832e-04 -1.710801385925894355e-02 -1.059842832073404351e-02
9.546739999999999393e-02 -1.188746142283142633e-02 -2.235485924357933155e-02 4.613899314398998974e-02 2.393785583581267348e-03 -2.462361103592758046e-02
9.645159999999999845e-02 -5.249648371882249115e-02 -1.142513760302240385e-03 -3.032464940276655271e-04 -4.040180909098842199e-03 9.432178259206707577e-03
9.743580000000000296e-02 -7.824054067098660387e-03 -9.841892575903930102e-03 3.391951906850487058e-02 -5.664051456395724840e-03 4.038580350230595341e-03
9.841999999999999360e-02 -1.239800460460811944e-02 -8.475962458436698405e-03 3.793455796596597544e-03 5.907461183092390343e-03 4.490534136420430006e-02
9.940419999999999812e-02 -2.216396341818605009e-02 -1.677738182087024077e-02 2.389033651417970389e-03 -3.107766070823107102e-02 4.715191996678268216e-03
1.003884000000000026e-01 -1.995248105381483214e-02 2.263222593067688165e-02 4.956866968812438570e-04 -1.370604948295715483e-03 9.099547348079415482e-03
1.013725999999999933e-01 -1.758681723654145768e-02 1.069127387290839427e-02 -1.117534220089841553e-02 2.287627840943923935e-02 3.256803689059783319e-02
1.023567999999999978e-01 -4.159230858795816971e-02 6.825330571921360209e-03 2.636556085498774696e-03 1.319193121932934511e-02 1.616257399447652539e-03
1.033410000000000023e-01 -2.046364780325619567e-02 -4.262743122321326072e-03 -3.569072425380421165e-04 -1.534318207070645493e-02 1.105814872078952384e-02
1.043251999999999929e-01 2.364339601592883519e-02 -1.347427431918017844e-02 -3.745002417484367963e-02 1.852399960102715445e-02 3.250351679922648673e-02
1.053093999999999975e-01 -1.542415816787554017e-02 -1.358716401283073701e-02 -8.421733820752352190e-03 6.694407923544460834e-03 -3.681925752715795724e-02
1.062936000000000020e-01 -2.385392153202612817e-02 8.364268974864532205e-03 -4.869275219873474281e-02 -1.423561103864104914e-02 -3.917871865180323071e-02
1.072777999999999926e-01 2.847804451349277705e-02 -2.717681060599623499e-02 -1.783119251019166587e-02 -1.124473237350057109e-02 5.734109535688186772e-03
1.082619999999999971e-01 -1.115519707433694149e-02 -3.007632441870961709e-02 -3.528514023129714571e-04 -1.233602375180406366e-03 -1.975582747137136219e-02
1.092462000000000016e-01 3.541929336965879416e-02 -2.507136664324030248e-02 3.704753733227760665e-02 3.967293997410021103e-03 1.092806518565928552e-02
1.102303999999999923e-01 -1.269608137209404970e-02 -3.479502086431020963e-02 -8.662593208960907287e-03 -5.375453904974911851e-02 1.824884089054645961e-03
1.112145999999999968e-01 1.028299992133976763e-02 6.946007923634741309e-03 -1.672862574124868440e-02 3.178972408452679366e-02 -2.548600608513347174e-02
1.121988000000000013e-01 -4.482376407211254715e-02 -1.301381619318095137e-02 -1.654476220964918448e-02 -5.050332997926048478e-02 1.556270023622301820e-03
1.131829999999999919e-01 -3.305129615907367868e-02 1.024534511644371523e-02 -1.755468918109854247e-03 6.938307898421453717e-05 -1.246988569844859757e-02
1.141671999999999965e-01 -4.366248936701368905e-03 -8.236043618443992381e-03 -6.399444301010103787e-03 5.252718106133374976e-02 -2.642866528657283540e-02
1.151514000000000010e-01 -2.025034939536481463e-02 -1.073780567067654686e-02 -1.574900453252358126e-02 -1.059025350981553613e-02 -2.892340419288766395e-02
1.161355999999999916e-01 -9.212893257578130260e-04 -1.210227205552798745e-02 4.407886273540922994e-02 -1.455508675448098123e-02 2.590232223609759479e-02
1.171197999999999961e-01 -4.862591705095162947e-02 1.422756836568308050e-02 3.237976977258538898e-04 -3.912591541527055128e-02 -6.736351561695181484e-03
1.181040000000000006e-01 8.023944610056269258e-03 -1.397834113634286411e-02 -8.292582161343627425e-03 -6.429162312371587348e-03 8.369551022672113566e-03
1.190881999999999913e-01 -1.860425879178336309e-02 -5.867582443334436876e-02 -1.373124770063618300e-02 2.106731646871641203e-02 -1.948128863538811997e-02
1.200723999999999958e-01 -1.978644752606919036e-02 -2.893408175603330232e-02 -2.204217608743511483e-02 2.106747671848344799e-02 -2.419836750255285711e-03
1.210566000000000003e-01 6.739263659278171663e-03 -1.579763074608317788e-02 -6.886564497887999459e-03 -1.091390378702955175e-02 -1.570461493691586996e-02
1.220407999999999910e-01 -4.965329597387956734e-02 1.354595534987122415e-02 7.413447671752801914e-03 3.516827220871250256e-03 1.518111743392865261e-02
1.230249999999999955e-01 -1.896913288259366968e-03 -3.518931569694373762e-02 -2.350866734791952697e-02 1.567240317130120728e-02 2.975215187314121049e-03
1.240092000000000000e-01 4.416301302298691889e-02 -3.092430785816819433e-02 4.113425423332957645e-03 -8.384086376549864435e-04 1.086518223401452404e-02
1.249933999999999906e-01 1.388466058813362693e-02 -1.824298915097512588e-02 -3.647751590208497385e-03 -4.543672284718009054e-03 -1.024236656050104589e-02
1.259775999999999951e-01 1.907654352709516402e-02 1.887892152781835966e-03 1.485423020524309287e-03 -7.273939787179062484e-03 -6.600965081798078164e-03
1.269617999999999858e-01 1.198229359073866608e-02 7.858764161571571080e-03 2.446292479039180109e-02 -3.698964994682622191e-03 4.586400635468375342e-02
1.279460000000000042e-01 -2.035243841729466804e-02 1.508066254905670797e-02 1.633493050453201784e-02 -1.208459175981666314e-02 -2.136986371560614315e-02
1.289301999999999948e-01 2.138908024562864024e-02 2.967641666576007527e-03 1.973581968675520298e-03 2.995807747580477194e-03 -1.179425176390668829e-02
1.299143999999999854e-01 -5.551486602017242922e-02 4.332110711692674539e-03 -1.434335484977478613e-02 -7.990034630480298203e-03 -7.351065359673787875e-04
1.308986000000000038e-01 -4.842119277987531889e-02 2.406463519349620259e-02 4.273375337995364426e-02 8.499716564995232933e-04 2.096805573004999115e-03
1.318827999999999945e-01 -4.263773064360725298e-03 1.627337598716114414e-02 -1.813305027624709936e-02 1.111998337240256707e-02 -2.083182069179015036e-02
1.328669999999999851e-01 2.621953779678286300e-02 1.570420081728766959e-02 -7.622487416401020274e-03 -4.936224064335585811e-03 1.173918138983151734e-02
1.338512000000000035e-01 -7.177931093393435588e-04 3.384425743956806509e-02 -1.817511275759977306e-03 -1.689728736884670360e-02 3.169961202858537219e-02
1.348353999999999941e-01 8.586099705518043107e-03 -2.197449481004399424e-04 6.309613503945751822e-03 -2.378816964272909354e-02 1.753749594066611461e-02
1.358195999999999848e-01 -1.171991819731059079e-02 2.168023446608098419e-03 2.739213346932838772e-02 -3.442943449432218830e-03 3.779959884677361586e-03
1.368038000000000032e-01 -1.711823331511226620e-02 -2.040835373606001129e-03 8.019355432880202750e-03 3.381643687753808913e-03 7.353346760187180753e-03
1.377879999999999938e-01 -2.005631637970189604e-03 -1.074222907608024698e-02 3.350170158101314216e-02 -1.455983917198600160e-02 -3.437099622792642861e-03
1.387721999999999845e-01 -7.095610927028771046e-03 -2.666575843251202393e-02 -1.862638641953641080e-02 -5.980284416421451782e-03 -5.684682782838215015e-02
1.397564000000000028e-01 -4.988816153717549190e-03 -1.588294520541769055e-03 -4.999589521912945617e-03 4.049568795719187680e-02 9.846042175747325709e-03
1.407405999999999935e-01 1.675493301172711544e-02 -1.466856280409443471e-02 1.223264697388497593e-02 4.548377708898454844e-03 4.855305310338493135e-02
1.417247999999999841e-01 -1.803502730180539743e-03 -2.069737702204888299e-02 2.555373894833544088e-02 4.855406209112329147e-02 -2.454784913607143543e-02
1.427090000000000025e-01 -5.094465190068915746e-03 6.266598636219539034e-04 2.139721363031603721e-02 1.481678974465811503e-02 4.111164276618285186e-03
1.436931999999999932e-01 -2.015735892315901473e-02 -4.145571388255581136e-02 -2.443652102289774891e-02 3.245316268671882311e-03 4.447285343570209215e-03
1.446773999999999838e-01 3.911218475620201890e-02 -8.701613054896445432e-03 -6.410100719646890863e-03 1.039445623611439870e-02 3.030042537019138945e-03
1.456616000000000022e-01 -2.139329590110883653e-02 3.042141570925467262e-02 -1.307224162677205620e-02 1.942859223173356090e-02 6.940121995554562016e-03
1.466457999999999928e-01 4.219407098895402997e-02 -1.262772690381524544e-02 -4.784501764509999089e-02 -3.128346326252559855e-03 -9.784956982681097121e-03
1.476299999999999835e-01 -1.244779857693203463e-03 -4.667665337937010502e-03 2.029136412734394018e-02 4.224179355219583043e-02 -1.693429033987457408e-02
1.486142000000000019e-01 -1.471426843165131275e-02 1.313019924952698973e-02 2.841765089355731064e-02 -1.080110732713400988e-02 9.094265460647441013e-03
1.495983999999999925e-01 1.777252332583149907e-02 7.214747828322530879e-03 -2.994152883899719401e-03 1.688833339306802100e-02 -1.764079442949171477e-03
1.505825999999999831e-01 1.057438017048450106e-02 -2.252765506180383695e-02 -1.101142145901650186e-03 3.365736019124752898e-02 -2.102643602528582543e-03
1.515668000000000015e-01 -1.543805876052209772e-02 -4.419503803816594856e-02 -2.634084421844210336e-02 -1.087024419687479884e-02 2.009423220711718631e-03
1.525509999999999922e-01 2.188052449875330444e-02 -1.422808523082241816e-02 1.747321934776137342e-02 -2.003693281563698539e-02 2.574484426280072846e-02
1.535351999999999828e-01 1.437383220673063393e-02 2.586086077839284958e-02 1.698278091511778304e-02 1.174726101579715715e-02 -4.939342028763950634e-03
1.545194000000000012e-01 -5.281393398917436782e-02 2.108250846665937761e-02 -2.268262477544006565e-03 -1.945497789542058320e-02 -2.409223075124391350e-02
1.555035999999999918e-01 -4.340840246232541971e-02 -8.944255091774410901e-03 3.578076101925579651e-04 1.148811235430771899e-03 -7.302732334132171731e-03
1.564877999999999825e-01 -1.842732317464955763e-02 -1.628158140289135900e-02 -3.337609761029392691e-02 1.616239039159099097e-02 2.513134788939131239e-02
1.574720000000000009e-01 1.554943271191530814e-02 2.596079453749478363e-03 4.632039219991202460e-03 -3.025007342477312525e-02 2.883844545091983694e-02
1.584561999999999915e-01 -7.224562757057039798e-03 1.897155030915145812e-02 -4.108308166183335941e-03 -3.265681969668347145e-02 3.901912283937870179e-02
1.594403999999999821e-01 3.132695640026809253e-02 2.459937096299353795e-02 -3.649776921331151364e-02 -3.213224522863277616e-03 9.009278722693235888e-03
1.604246000000000005e-01 -2.344793186647962241e-03 1.970706039783585647e-02 1.049301154142047443e-02 -2.167525866081563765e-02 3.544133627181818985e-02
1.614087999999999912e-01 -1.278174785402791565e-02 4.301981709199331760e-02 -5.763784718585372724e-03 4.518093305807074911e-03 -3.509593448404619426e-02
1.623929999999999818e-01 -8.979761105571781518e-03 -1.777089296005134392e-02 2.570512816214426399e-02 -4.323913297086172912e-03 -2.154372938434349211e-02
1.633772000000000002e-01 2.802917062933264758e-02 2.737787410304983945e-02 2.203659131534098370e-02 2.050421095761351120e-02 -2.862614920527561252e-02
1.643613999999999908e-01 5.409357705127776535e-03 -4.103252837641181705e-02 -7.419631423581750720e-03 1.341712519037675452e-02 -2.235685454847685313e-02
1.653455999999999815e-01 -1.577109777893448764e-02 1.583013697209632864e-02 -1.310880761999478434e-03 1.036002603516326080e-02 -2.533628497786470906e-03
1.663297999999999999e-01 -1.243193608712242493e-02 -3.279118364460834045e-02 -1.316793044538345364e-02 2.361786373828124799e-02 2.801127004464139952e-02
1.673139999999999905e-01 1.295931477837053598e-02 -1.488097781313036869e-02 -8.159215705681885367e-03 8.657557116342997272e-04 8.925647563620050032e-03
1.682981999999999811e-01 -5.186270329726766493e-02 -4.729578117690035749e-02 2.459231988596776580e-02 -3.547120636074822808e-02 -3.753748338461421197e-02
1.692823999999999995e-01 -1.900744532056179281e-03 3.542545209625246657e-04 3.864476415959446076e-02 -5.768618351114144366e-03 1.815939727341389642e-02
1.702665999999999902e-01 1.788723975588960707e-02 -2.154066997040878645e-02 3.827575904916875188e-02 -8.045853249432521892e-03 6.423899942830496243e-03
1.712507999999999808e-01 1.248755772901290542e-02 2.928046392068120170e-04 -1.201927216571389064e-03 -4.087271110051105688e-02 -3.976929926475165217e-02
1.722349999999999992e-01 9.555207144683715986e-03 -1.739417574728338925e-02 1.162821946487764893e-02 1.326919074442547107e-02 1.147659208974430300e-02
1.732191999999999898e-01 -1.755838616025844718e-03 9.727429241287983627e-03 7.348317434726354784e-03 1.528173609803319330e-02 2.880410221818190120e-02
1.742033999999999805e-01 3.329842957954552013e-02 1.074852507526732372e-02 5.940419435868556260e-03 -2.982980355164172037e-02 1.592220235742352122e-02
1.751875999999999989e-01 3.550620182490220322e-02 -4.720791872709326036e-03 3.105278537397703625e-02 3.536131929074833730e-02 1.720089814717800161e-02
1.761717999999999895e-01 -1.317456105791295698e-02 9.947432732581324571e-03 9.051868043124669874e-03 -4.160261228471083365e-03 -3.236350860631314469e-02
1.771559999999999802e-01 2.455229171994723764e-02 -3.457890091029777735e-02 3.477509309049241909e-02 -1.042867178021220000e-03 -7.408435319794841540e-04
1.781401999999999985e-01 1.432061743373447098e-02 -9.732280454718763782e-03 -2.639486860740005228e-02 2.789455270525197875e-03 -2.360243640564103906e-02
1.791243999999999892e-01 3.703771947154872735e-02 -1.081524450951410962e-02 -1.717038407157179050e-02 -1.840244821508955214e-02 7.374733043942143613e-04
1.801085999999999798e-01 -3.880985061341320035e-03 1.806836614449698966e-02 -1.686743875155582648e-02 6.424084877707582006e-03 -2.455156484460922425e-02
1.810927999999999982e-01 -7.635970527816132551e-03 -2.065768485436135851e-02 -5.015545064991673227e-03 4.211491454869743800e-03 -3.574758028019546507e-02
1.820769999999999889e-01 3.260889455148430205e-02 7.372800676014330118e-03 2.926199346540395499e-02 2.136808374963076670e-02 2.271168374291880274e-02
1.830611999999999795e-01 -1.575958908842691126e-03 -2.060612549388480402e-02 1.783248334437940660e-02 1.272068137893482033e-02 -1.606327815823342664e-02
1.840453999999999979e-01 1.995849072756499323e-02 -1.207952007142152479e-02 -1.076756169025355238e-02 7.713127082138771656e-03 2.675186613862997470e-02
1.850295999999999885e-01 1.604915684423815700e-02 8.160550221660040071e-03 -9.792631803516140335e-03 -1.120374288413528152e-02 4.569670062038319602e-02
1.860137999999999792e-01 -8.060831064144761623e-03 9.465537194774761853e-03 -2.183307465028826513e-02 -1.484633068002535507e-02 5.835539268246960933e-04
1.869979999999999976e-01 -9.649049633740064262e-05 1.389787324024099532e-02 9.633075273175332673e-03 1.699912551568230623e-02 1.258309953449656023e-02
1.879821999999999882e-01 2.925052996768338909e-02 -5.166618113288698466e-02 1.213547093339248893e-02 -1.686682833383527230e-02 9.545899203379623957e-03
1.889663999999999788e-01 1.295353632374041108e-02 -1.505030784463413061e-02 -1.640318642906594959e-02 1.400345843470135986e-02 -3.887084652780904009e-02
1.899505999999999972e-01 2.384750161240496019e-02 -1.505317700764290459e-02 -1.090667565862536367e-02 8.475856032448792279e-03 -1.048623259956465992e-02
1.909347999999999879e-01 3.761980081677365750e-02 2.258582387956826337e-02 -3.535117989321297227e-02 1.438750059520570342e-02 -1.521169811985048810e-03
1.919190000000000063e-01 -1.704457446423800855e-03 -1.335316435992446593e-02 -3.394864755427078051e-02 -7.713966201773236192e-03 -9.143505060683265392e-03
1.929031999999999969e-01 -2.273007192103250820e-02 -1.841669396944425885e-02 4.177139626758858207e-03 -2.136593623224898250e-02 -1.137158210905205025e-02
1.938873999999999875e-01 4.971558318188505111e-03 1.472994616913077259e-02 -5.906794911371832102e-02 2.757242961046019528e-02 -2.088186237107676757e-02
1.948716000000000059e-01 -1.523159503147536453e-02 3.610630714748797043e-02 -2.961902024679587131e-02 2.048487808173839533e-02 -1.128557023239861942e-03
1.958557999999999966e-01 -6.239658412163926610e-03 5.398746280174745657e-03 -8.296998940374590570e-03 -4.711271546011599337e-02 7.431672723773466785e-03
1.968399999999999872e-01 -3.574599629222838942e-02 -1.803058662443288510e-02 -1.700923863718723297e-03 -5.342010051879157034e-02 3.487396037964652826e-04
1.978242000000000056e-01 2.800514674074611274e-03 -2.400387649906794360e-02 1.901844855006989228e-04 2.086546804838713270e-02 -9.296390561032706265e-03
1.988083999999999962e-01 4.287983566501917844e-03 -4.390376780251647668e-03 -3.720765372997267284e-02 -4.218196993399504768e-02 -2.743724251700019670e-02
1.997925999999999869e-01 3.754000256077195952e-02 3.216705952485861275e-02 -4.765316725587274635e-03 -3.464566050778421225e-02 2.333187795906898135e-02
2.007768000000000053e-01 -2.696877398624305047e-02 -1.974855804659208028e-02 -2.309907127863113085e-02 1.617799400775703699e-03 -2.697868816829971685e-03
2.017609999999999959e-01 1.194637028982475620e-03 7.711235291881322375e-03 1.068723223274937670e-02 1.844796448763500255e-02 1.078421025094569892e-02
2.027451999999999865e-01 -1.972771492017041592e-02 -5.653757667042360290e-03 2.156015325152399117e-02 -3.894431960662204234e-02 2.507530116163166761e-02
2.037294000000000049e-01 -3.247761032123765157e-02 -1.793836515068688436e-02 -6.060987521401741546e-03 -1.217021742764040626e-02 1.752038055817657300e-02
2.047135999999999956e-01 2.179578890919819933e-02 -2.106870139830783681e-02 1.336608420379441393e-02 -2.712171954481217007e-02 3.425229657770405538e-03
2.056977999999999862e-01 7.863666317414981510e-03 -2.510875972430669928e-02 -2.751383010997853623e-02 -6.482056877969456787e-02 2.391929252812464296e-02
2.066820000000000046e-01 -8.175688735750835656e-03 -3.540318703962415381e-02 -2.238446115491677518e-02 -2.888273426574699057e-02 3.571538988284937016e-02
2.076661999999999952e-01 1.582384710876204303e-02 4.337366455198921576e-03 2.663719162022367033e-03 -2.134675027024458827e-02 2.188998578234947409e-02
2.086503999999999859e-01 -1.465814993868802887e-02 -1.738549986583984991e-02 6.143226605049467021e-03 2.076494177036974920e-02 2.242609491451432943e-02
2.096346000000000043e-01 -4.756566327374900350e-04 -1.011090734388550051e-02 2.801391974723757561e-02 -1.007256217406815173e-04 -1.041285805513386328e-02
2.106187999999999949e-01 3.349465682022211704e-02 1.331111070881476136e-02 -5.704085655629479584e-02 -2.473577794579778777e-02 -1.675861378196877684e-04
2.116029999999999855e-01 -2.016717637134314567e-02 1.438811909083301255e-02 5.339180173957208675e-03 -2.454395782907396045e-02 1.688742985149291331e-02
2.125872000000000039e-01 2.757732972056829018e-02 2.962249708969444048e-02 2.555995512186286928e-02 -8.559281625552059986e-03 -1.210805066262467602e-02
2.135713999999999946e-01 -9.226029474320152773e-03 4.431613497186971326e-03 -3.590955668506447956e-02 3.543640363099524043e-02 -2.714668685862032388e-02
2.145555999999999852e-01 2.130029221218879970e-02 -6.078614147193468070e-02 1.302793089533037588e-02 -5.782871750920916265e-02 7.505712270206649911e-03
2.155398000000000036e-01 -1.866966455257685568e-04 -8.993010373446630457e-03 -1.899133247721571799e-02 -1.032366982195207991e-02 1.485155579963074769e-02
2.165239999999999942e-01 -3.087346372451334892e-02 -3.986914730878313162e-02 6.850361624326687694e-03 1.021007276595677603e-02 3.507511023627015584e-02
2.175081999999999849e-01 -6.257910746616314121e-03 3.793169489580527475e-03 -2.388559788271959333e-02 2.333480701019373382e-02 1.700249799895319977e-02
2.184924000000000033e-01 2.216077821841730758e-02 9.816637105537063049e-03 -7.208842107189603575e-03 -1.436266948809689428e-02 3.270861831076619930e-02
2.194765999999999939e-01 1.095320994418784964e-02 7.084297405530038186e-03 -2.590816626661155558e-02 -2.027992408263817187e-02 3.108714426327250507e-02
2.204607999999999846e-01 -2.412893526348732550e-03 -9.463900964947206257e-03 -2.798865352949006860e-02 5.127809048604530656e-03 -2.784296855632886758e-02
2.214450000000000029e-01 3.422877734342937711e-02 4.803581189509359937e-03 3.988809696798407273e-02 -3.389032993399653925e-03 6.404132301406983453e-03
2.224291999999999936e-01 8.887617031187233785e-03 1.185037879114173541e-02 -3.770947229186095290e-02 1.701433298465367117e-02 3.930258845905484216e-02
2.234133999999999842e-01 4.926958245459971304e-03 -1.595493152957735972e-02 -4.107293311587885409e-02 -1.431357753951465091e-02 -9.176661473604833322e-03
2.243976000000000026e-01 4.872342751888725752e-03 1.496321269551638931e-03 -3.012314190003140268e-03 -1.990576272695657178e-02 1.877219895738667984e-03
2.253817999999999933e-01 -3.151831436194956620e-02 -2.613819644838641029e-02 -1.004168080594444908e-02 -2.003887154769171119e-02 2.655005412205969570e-02
2.263659999999999839e-01 1.021096261667838075e-02 -3.017795940013640738e-02 3.535025884798911194e-02 -2.365185491379420343e-03 1.184908320746661144e-02
2.273502000000000023e-01 -3.481371250189465444e-02 3.988337537273581312e-03 -1.017016943824981985e-02 -1.107675120505286631e-02 9.237616005426661000e-04
2.283343999999999929e-01 4.653988430579892449e-03 1.490113575733325972e-02 2.361314461065539688e-02 6.596817896241368058e-03 -2.355294273335824945e-02
2.293185999999999836e-01 4.702220012182219654e-03 1.478423335121432231e-02 4.059473555173596926e-02 2.173577083975987423e-02 5.129266381817134497e-04
2.303028000000000020e-01 1.328185087199459588e-02 -2.268551105402343351e-02 2.467409719785157527e-03 7.630294411796150270e-03 -2.079486423303202394e-02
2.312869999999999926e-01 -5.877531146554374614e-02 1.148038757666737866e-02 -1.690316933576417949e-02 -5.313591637166397569e-02 -9.404006978997207430e-03
2.322711999999999832e-01 1.754121522992900875e-02 2.887436380799587518e-02 8.937338473601764977e-03 -3.032840240233648788e-02 -2.329547092338781974e-02
2.332554000000000016e-01 2.612077655995064668e-02 -2.326313403302095878e-02 3.863284979204101299e-03 -4.176907599230641338e-02 -4.960468472348634160e-03
2.342395999999999923e-01 -1.326364084053474482e-03 -1.934327344311568067e-02 2.249433649145645905e-02 3.010320935569349432e-02 3.935784877934899589e-03
2.352237999999999829e-01 2.525076597431527223e-03 9.819220327939630344e-03 3.965900664257197838e-02 -8.371900619791540835e-03 2.516933594170519053e-03
2.362080000000000013e-01 1.619256581347218449e-02 7.765999877194583022e-04 2.163279804206620291e-02 2.151877233626053529e-02 2.509911695455752795e-02
2.371921999999999919e-01 -1.973404166755387754e-02 -3.561197031293340115e-02 -1.533271378393307599e-02 -6.576055910885687805e-02 2.017449892944956150e-02
2.381763999999999826e-01 -2.066203043350051116e-02 -2.077640040523470039e-02 -4.766253710680983489e-03 -1.981834361469085246e-02 1.302513458911360063e-02
2.391606000000000010e-01 3.478755872715378478e-02 5.402449919058924374e-04 -4.325878517021855552e-02 3.443625965915697758e-03 -2.203519516101848028e-02
2.401447999999999916e-01 2.373517457214778525e-02 -2.299939185706265446e-02 -1.692990067497715523e-02 1.175882473667518024e-02 4.861621595178603449e-03
2.411289999999999822e-01 -9.004618039645192334e-03 -1.174557920044631311e-02 3.401982989969663113e-02 2.338825057555892276e-02 1.112853455305345268e-02
2.421132000000000006e-01 -5.255852817600631388e-03 -1.692192104638015615e-02 -3.929601101251787437e-02 9.283538291501263265e-03 -1.584132198642292100e-02
2.430973999999999913e-01 2.707053161221393070e-03 1.241062441956481723e-02 1.782402698637295876e-02 -5.860823620959638991e-03 1.813412664135288094e-02
2.440815999999999819e-01 1.123525207420228607e-02 1.297628013891531651e-02 9.084754465220791150e-03 5.248759274433569162e-03 -8.498454347489041785e-03
2.450658000000000003e-01 1.339087549777980349e-02 1.467898561118615580e-02 2.056180215072946765e-03 3.214955471468620291e-02 2.722967753819787590e-02
2.460499999999999909e-01 -2.628612507919975833e-02 -4.865580122492243337e-02 2.789590770090858221e-02 1.070186347925817724e-02 -1.694883336244615160e-03
2.470341999999999816e-01 -1.929956400977651809e-02 -2.330293254394437061e-02 6.571575197131251066e-03 -2.297733015299043002e-03 6.527195584222660225e-03
2.480184000000000000e-01 4.349780748953529369e-02 -1.995137678014152066e-02 2.903278982437745327e-03 9.201747436826350837e-03 2.540102919521479777e-02
2.490025999999999906e-01 1.097422874695499215e-03 -1.273397070848920030e-02 9.456369587165742519e-04 -1.731434679549944539e-02 3.308373026139358603e-02
2.499867999999999812e-01 -2.708134189367146592e-03 -1.410097335786159034e-02 -2.043944236919148505e-02 -1.822670004762616536e-02 5.373087407715092939e-03
2.509709999999999996e-01 -1.785684661434585110e-03 -1.990225035075170526e-02 -7.612544302027538130e-03 2.695443641773348931e-03 -3.251714684330925254e-02
2.519551999999999903e-01 -8.212064279386395785e-03 1.210183683594374601e-02 4.266396474116346954e-02 8.996266053266376711e-03 -3.892409421230494382e-02
2.529393999999999809e-01 -5.734388690180002718e-02 -5.353638232764384129e-03 -6.395731488643565700e-03 4.421460683468293740e-02 4.008429878387341494e-02
2.539235999999999716e-01 -8.525359247202485627e-03 -1.945484983764307618e-02 -1.571917612644493662e-03 -3.155817204810927590e-02 -2.820987655128909949e-02
2.549078000000000177e-01 3.972767529509703410e-02 -1.576201253956212647e-02 5.756682198768504205e-03 2.666410435560921319e-02 -3.320095787283199734e-02
2.558920000000000083e-01 8.602769411326667559e-02 1.385422543021161586e-02 -1.868244721838702507e-02 -3.058811277342939061e-02 2.039155109246331907e-02
2.568761999999999990e-01 1.294853916535256867e-02 -5.533800108449532518e-03 -2.100624052034838832e-02 1.086846846358428473e-02 -2.734047061306925722e-02
2.578603999999999896e-01 2.183664938147304030e-02 -1.946416465026314449e-02 -3.267698244631772608e-02 5.339310948686814542e-04 6.162317738341444029e-03
2.588445999999999803e-01 2.132043451265335648e-02 -2.986977694844640541e-02 2.218087838662954198e-02 1.274832480493185045e-02 -1.588447516003408180e-02
2.598287999999999709e-01 2.065009880479072579e-02 -7.359731999777260544e-03 6.600340511061219932e-03 9.561950728237371064e-03 -6.159352943746700115e-02
2.608130000000000170e-01 -5.149677718519388159e-03 -4.817938100241856564e-02 9.591613471283092981e-03 1.404350840010312566e-02 -5.776688143714401799e-03
2.617972000000000077e-01 1.874429362561325085e-02 -7.114830270943599266e-02 9.711644944480062047e-03 4.308822333534419874e-02 4.906930999429410210e-04
2.627813999999999983e-01 -1.162892453605395872e-02 -2.936649390365490830e-02 -1.704824916602115312e-02 1.865293674278187264e-02 -5.174151695159589712e-03
2.637655999999999890e-01 -9.780922174741036798e-03 -6.023721099657015909e-02 -2.279277614551925360e-02 3.470130946202878292e-02 6.081911502357930169e-03
2.647497999999999796e-01 2.850201389573230396e-02 -3.289499430820033710e-02 -2.085000439991404036e-03 -3.119190993648120885e-02 1.025955601098760793e-02
2.657339999999999702e-01 7.584690680693795435e-03 -7.713070879281559711e-03 7.870819296472427590e-03 -2.118666260130859513e-02 -9.831598115707215063e-03
2.667182000000000164e-01 1.359529968059987499e-02 2.065230593997706421e-02 3.670357727973493772e-02 3.748949987602084172e-02 3.784025022548586584e-03
2.677024000000000070e-01 5.011509478014775261e-03 -1.072970166871463869e-02 1.043286978623864276e-02 3.690277241005010533e-02 1.348968608017917133e-02
2.686865999999999977e-01 -1.014995575004176004e-02 -9.708194949729166690e-03 4.775715672689342939e-02 -4.816835447541100747e-03 2.090332232948515639e-02
2.696707999999999883e-01 1.081491271476443979e-02 1.115327268837019992e-02 8.413364182636369135e-03 -2.977118854890440855e-02 7.621215465179802424e-03
2.706549999999999789e-01 -3.267240750667828059e-03 -1.545317669918620448e-02 -4.844833876011275450e-03 6.893291480403150595e-02 1.334962664463821592e-02
2.716391999999999696e-01 8.396341390241502181e-03 4.385083529472732708e-03 4.500309727885187967e-03 1.551712405985748375e-02 6.539310134062184532e-03
2.726234000000000157e-01 3.229038575300437891e-02 -2.381341910395472911e-03 -4.235708842740322499e-02 -2.522723865834991183e-02 -4.024660783961791360e-02
2.736076000000000064e-01 1.569041027751155032e-02 -3.774199261197080241e-02 1.622646148992873752e-02 -1.120960025711351940e-03 -3.238573143658332858e-03
2.745917999999999970e-01 2.226664824795822339e-02 -1.420853474723369342e-02 8.283357326005613003e-03 -3.396706617559898389e-03 -3.391265485025211218e-02
2.755759999999999876e-01 2.971652789768164035e-02 -3.694883712621439137e-02 -1.138884568877218152e-02 2.610294936239242192e-02 -3.243091409170745926e-02
2.765601999999999783e-01 3.521370118751603745e-02 -2.273828319718371183e-02 -1.682710435687657241e-02 3.039028855146386904e-02 2.116053904873919228e-02
2.775443999999999689e-01 1.696964169080851861e-02 -2.620719000834973930e-02 1.487702336042335226e-02 2.408592828587440351e-02 2.675446581243913144e-02
2.785286000000000151e-01 3.351536301335959755e-02 5.423036298416515633e-02 -4.596908647217674143e-02 -1.776240957588535660e-02 -2.003073575573280363e-02
2.795128000000000057e-01 -2.517082913529357369e-02 -2.706215820382974063e-02 -1.182130878779969786e-02 4.520202374123754446e-02 3.221245237159647834e-02
2.804969999999999963e-01 2.472576568966291730e-02 -2.899599410119401213e-02 -3.204286152713502200e-02 -2.192327687798772962e-02 4.441290999507140763e-02
2.814811999999999870e-01 1.974012011644940556e-02 -1.120386577740531929e-02 1.188618460801249381e-03 1.303486891611102018e-02 -1.747221825596197847e-02
2.824653999999999776e-01 3.577215431498928511e-02 2.256227554533242474e-02 7.846383121932750532e-03 -2.380958328860654713e-02 3.214194107309061021e-02
2.834495999999999682e-01 4.286276186766318358e-02 -7.510604279754940285e-03 5.707393786885496707e-03 -3.016937739229829610e-03 3.032092709954092510e-02
2.844338000000000144e-01 1.208069486317916129e-02 -6.545004394751184097e-03 -2.479325655087156934e-03 2.635304948606673192e-02 -3.250915374336551394e-03
2.854180000000000050e-01 2.194638254540215092e-02 4.766774880645137207e-03 -2.147869234416082546e-02 6.059652907372954644e-02 -2.577530748782501900e-03
2.864021999999999957e-01 -1.435666798796505876e-03 1.090555421799403041e-02 2.048867335163173653e-02 3.291454541101584974e-02 3.955404606847676141e-02
2.873863999999999863e-01 3.222261281899273938e-02 3.949884454841490894e-02 -1.366056242773639948e-02 -4.083778798366790447e-02 2.735193725909908571e-02
2.883705999999999769e-01 1.778216403065287221e-02 1.323513460061260041e-02 -1.488285556592451944e-02 -3.735024136277442872e-03 6.251595202742471664e-03
2.893547999999999676e-01 3.032026249788580263e-02 -4.645430726773853297e-02 -2.787736522763131688e-03 1.140472901376120632e-02 4.970320017688741390e-03
2.903390000000000137e-01 3.011431841275392929e-02 -2.144215583788141796e-02 -3.406553047239659765e-02 3.281917410738322341e-03 1.481200780780240513e-02
2.913232000000000044e-01 -1.248624540588227222e-02 4.309055260426833747e-03 -9.386003948404938318e-03 6.335637409869558298e-03 7.399893050690371787e-02
2.923073999999999950e-01 7.811582249926445065e-03 3.534705941984488120e-02 -1.421224255087331217e-02 1.185864536091338871e-02 -9.995947511605198996e-03
2.932915999999999856e-01 -1.952672509441090096e-02 3.797035473820098428e-03 3.068775753879379384e-02 2.296995040422093390e-02 1.258671238669125877e-02
2.942757999999999763e-01 -7.913239620058857421e-03 3.216339208154139068e-02 -1.176894298789417717e-02 -5.916403384898709372e-02 -4.161214102894676692e-02
2.952599999999999669e-01 -6.515890772202276304e-02 6.007505115258365141e-02 -5.532516031233818132e-02 2.784329949468129436e-02 -1.491723890319772601e-02
2.962442000000000131e-01 -5.133898617292390184e-04 4.779625679604149885e-02 -9.936231937222345101e-03 1.439263991045122357e-02 -4.895993393583546877e-02
2.972284000000000037e-01 -9.197735279367076633e-03 3.125404601613893801e-02 1.547679017433453187e-02 -3.505650965085613247e-02 1.696856115352833247e-02
2.982125999999999943e-01 1.803785895755389765e-02 7.276443307241230564e-04 3.001611641382797430e-02 -1.166372407071592475e-02 -5.873424867741065120e-02
2.991967999999999850e-01 -4.161247451377580141e-03 1.864873925748695331e-03 -7.517830398296888872e-02 3.122296885706328518e-02 -5.411514816935120327e-03
3.001809999999999756e-01 1.516084167095838216e-02 1.505367184655535470e-02 -1.445577451124165948e-02 -2.916610609199469552e-04 -1.366452670058393090e-03
3.011651999999999663e-01 -2.970003835196344949e-02 6.979747705870414931e-02 -1.469968062647284725e-02 -4.384910927178252253e-03 -2.826318746419285641e-02
3.021494000000000124e-01 -1.042917221120300345e-02 1.960241387524253032e-02 1.535652431310273458e-02 -1.720218855703542883e-03 -1.828575918789108676e-02
3.031336000000000030e-01 2.007242414573644305e-03 -2.851417923313796267e-03 1.218053205645862856e-02 -3.019193837710803813e-03 2.108320903864175852e-02
3.041177999999999937e-01 3.607795901869163824e-02 -1.228728654197437653e-02 -4.740374276666926671e-03 1.751504534263512505e-02 2.593755893573251176e-02
3.051019999999999843e-01 -1.839219262959189069e-02 2.210580959871084189e-02 -5.350486904126382053e-03 -6.851517666989042667e-03 1.751189925557018051e-02
3.060861999999999750e-01 5.685380095693145488e-05 -1.376368240895562214e-02 3.808461854199423485e-02 -1.646765255094960120e-02 3.160183045622071141e-02
3.070703999999999656e-01 -1.772237572840987263e-02 1.636611934658484951e-02 3.209887737388802259e-02 -2.691018094493496243e-03 5.883717446428036318e-02
3.080546000000000118e-01 9.324233174586855737e-04 -4.154593827176956966e-03 -3.453901878189159520e-03 1.485455578139640610e-02 -1.127008128765821446e-02
3.090388000000000024e-01 1.871375257340420623e-02 -2.939357155613343126e-02 4.488797429449648685e-03 5.748248470947574934e-02 3.966120496963859883e-03
3.100229999999999930e-01 2.513846979577224680e-02 5.081886783999261387e-02 1.829616538037305562e-02 8.228948803734616874e-03 1.742727775697792145e-03
3.110071999999999837e-01 4.221452224506778506e-04 1.682560139175615435e-02 2.300134966771936670e-02 2.350055291581056027e-02 5.114620708566235477e-03
3.119913999999999743e-01 -7.490250394465238631e-03 -4.775149535691980418e-02 1.225102147348342690e-02 -1.295189415543981579e-02 -4.193772131685463700e-02
3.129755999999999649e-01 -2.377885480452726630e-02 1.142797994392435491e-02 -2.165215809113529150e-02 2.449856878072680360e-03 -3.472320811241406263e-02
3.139598000000000111e-01 -3.847438718242290889e-02 -4.598636567411333587e-02 6.878179317907617656e-03 -1.736759223047002615e-02 -4.655782500775674203e-03
3.149440000000000017e-01 -2.783543158998363215e-02 1.546736807679583922e-02 5.875878189811988136e-04 -2.249944174437167391e-02 -1.550757310843605720e-02
3.159281999999999924e-01 -2.603516387347463643e-02 2.530375442651034562e-02 8.042261228596509978e-03 8.432976560310180211e-03 -2.568518696440975912e-02
3.169123999999999830e-01 -2.788338830561429282e-02 4.764676639292989707e-02 -1.798020310679421946e-02 -2.762946293234315107e-02 -2.089711834149302408e-02
3.178965999999999736e-01 4.698840061192734174e-03 2.627396928385220681e-02 1.659859811129684934e-02 6.422311503062687853e-03 8.227106746305001828e-03
3.188807999999999643e-01 -4.160039799384818160e-02 -2.721790970847804900e-02 -2.060326142289886642e-02 -3.217434736755749036e-02 2.811595175529989221e-02
3.198650000000000104e-01 1.755013169928846747e-02 3.554240331043935388e-04 1.250968551351845995e-02 1.168986833402446864e-02 -3.545252066679983882e-02
3.208492000000000011e-01 1.123149912382931728e-02 2.122087900474423083e-02 -2.023255995507114435e-02 1.448625321696381599e-02 9.783898848339144666e-03
3.218333999999999917e-01 4.597278381233082384e-02 7.784411130216045693e-02 2.106684089910912383e-02 -5.005853950035152322e-03 2.097681442090228859e-02
3.228175999999999823e-01 1.329172822780531719e-02 7.866201052085347936e-03 1.740380185601107105e-02 -6.497554282474444663e-04 1.329406236079830154e-02
3.238017999999999730e-01 -5.295182134216349463e-04 5.533723602261597652e-02 -2.273037272708858941e-02 3.197347030166894366e-02 -4.009517686739776793e-02
3.247859999999999636e-01 4.752213181284723614e-02 7.051852319960058568e-02 1.050558723029753651e-02 -1.299132474994811604e-02 3.918606328015827867e-02
3.257702000000000098e-01 2.501625466781643228e-02 3.356956110922695857e-02 3.421672005147322840e-03 9.495032887384987144e-03 8.582779092222474898e-03
3.267544000000000004e-01 1.174220084445850394e-03 5.989347752756558896e-02 2.779982531463867299e-02 7.548314248458237903e-03 1.424832483612516708e-02
3.277385999999999910e-01 2.013989109889468068e-02 -3.660944591254494760e-03 -1.654968271459278037e-02 3.451881916435696473e-02 -1.588310388987163382e-02
3.287227999999999817e-01 -3.124714159727319529e-02 1.635292794099271751e-02 -1.434752480586456470e-02 -1.038109942333734562e-02 -1.877907498498034358e-02
3.297069999999999723e-01 2.929336537351294803e-02 -2.006421587630076529e-03 2.554839201690313477e-02 -4.280450771748500055e-02 1.452683030894627060e-02
3.306911999999999630e-01 -2.163124742862210931e-02 -2.685528986174545631e-03 -2.307767326669622060e-02 1.158916163917977395e-02 -7.784430362786297700e-03
3.316754000000000091e-01 1.007979693268133171e-02 -2.852897278747027268e-03 8.082467390233182003e-03 -2.596786072521721153e-02 1.493769885412205012e-02
3.326595999999999997e-01 -1.597194177966379525e-02 3.062786389508107693e-03 -4.836360363070243973e-02 5.357310508899430085e-03 -1.687910453800195443e-02
3.336437999999999904e-01 3.814591573733248225e-02 6.622682760761688936e-02 -1.257983376163892631e-03 1.081932801971405289e-02 2.607376903406340846e-03
3.346279999999999810e-01 2.288639787973512779e-02 -2.302470190324267668e-02 1.517945750205303666e-02 3.739608175684239026e-03 -2.341171730088029146e-02
3.356121999999999717e-01 1.297155317812234525e-02 9.738850913886699934e-02 5.715400308271045837e-02 -3.251789100550667166e-02 1.629994058152419920e-02
3.365963999999999623e-01 1.467118328790141014e-02 1.444709997489698576e-02 1.115465053531690919e-02 -4.564116333071192855e-02 -4.393196347988737038e-03
3.375806000000000084e-01 2.233234490567978861e-02 4.441144443538540265e-02 6.393163458596108455e-03 -9.051295601450437198e-03 2.952117556412169747e-02
3.385647999999999991e-01 -1.995912760524320984e-02 4.225512612597377704e-02 -1.852919438556426684e-02 4.469492203740412645e-02 1.206414426015816298e-02
3.395489999999999897e-01 5.754383177671028998e-02 4.714848250864674128e-02 8.783695484031307441e-03 -3.194898188788479476e-03 -4.583918304853836813e-03
3.405331999999999804e-01 -9.621450128036602295e-03 9.062042466029663831e-03 1.761949469046063775e-03 5.127257985192047382e-03 -5.793398930147951667e-03
3.415173999999999710e-01 1.705530900471257869e-02 -4.976214075696559769e-03 -1.747865186734503390e-02 4.360287312648792463e-02 -2.992485485380035407e-02
3.425015999999999616e-01 4.141972401598656428e-02 1.305017517042430034e-02 2.987394154969717427e-02 4.048798727556179866e-02 1.026046329271300406e-02
3.434858000000000078e-01 2.122686879836366280e-02 -4.342285200821173474e-03 4.136427726052884640e-02 -3.568069336366104776e-03 1.028531755064624820e-03
3.444699999999999984e-01 -2.270965582392873647e-02 4.019492695324467652e-03 -1.123412424936297109e-02 -5.418804151480345610e-02 -1.015852569843304215e-02
3.454541999999999891e-01 -1.017249643081249945e-03 4.194500606396835141e-02 2.028100262595267708e-03 8.677237954859937097e-02 2.625223733126632805e-02
3.464383999999999797e-01 2.196029173643621046e-02 2.045930477684670609e-02 -7.376009170343976115e-03 1.204238382721065787e-02 -5.084744046719467470e-04
3.474225999999999703e-01 -7.198267985366843535e-02 -6.654998063479096622e-03 4.725725510561884501e-03 2.140534914381924184e-02 -3.953971470993385140e-02
3.484067999999999610e-01 -2.341084392593210592e-02 3.286320489263375860e-02 9.190622542890766050e-03 2.348989192886521624e-02 -2.888271453000408953e-02
3.493910000000000071e-01 3.215118367356810392e-02 2.508215618429711358e-03 -4.576796383717695693e-04 6.988007137895454676e-03 -2.867566207315383128e-02
3.503751999999999978e-01 -4.683701709768511162e-02 -2.307120971725578132e-02 -9.189524219887484219e-03 -1.477799200927291771e-02 4.151411708368606124e-02
3.513593999999999884e-01 -2.683997253960699290e-03 -1.631986319469727565e-03 4.562461089149295011e-03 1.050762567377503884e-02 2.729363210349200486e-02
3.523435999999999790e-01 -1.157012777906226385e-02 -5.777177908750220567e-03 -2.439257597338057373e-02 9.083153706605100880e-03 -2.029279804005101797e-03
3.533277999999999697e-01 5.138623642624753039e-03 3.095662445887036734e-02 1.691486007199514280e-02 -3.113983316329145198e-02 -4.274667056613665889e-02
3.543119999999999603e-01 4.620917632982377704e-02 2.307007440331016249e-03 -1.735577670683251597e-02 1.533301123521290353e-02 -1.725593382041873750e-02
3.552962000000000065e-01 4.944048983386826329e-03 -2.719566283463967574e-02 8.433285084372922277e-03 3.126116931904393548e-02 -6.260645642500682444e-03
3.562803999999999971e-01 -1.267919189933346298e-02 -1.712664160293281626e-02 -5.608158460191805389e-02 -8.572118657156362412e-03 2.192768234144198622e-02
3.572645999999999877e-01 -1.832715448770701541e-02 -6.773126364784587926e-03 5.629126746165216558e-04 3.770695383634804776e-02 -3.409515299865272658e-02
3.582487999999999784e-01 1.517719163096925995e-03 -2.228926921478847564e-02 1.016139134059188334e-02 3.257869796539537149e-02 -3.887660498412017634e-02
3.592329999999999690e-01 1.056953633690148851e-02 -1.341375623054909087e-02 -2.355986352637083267e-02 -1.238930025905394736e-02 -3.900576238813195651e-02
3.602171999999999596e-01 1.386505288512541664e-02 1.780697670012977574e-02 2.367664861051604550e-02 -4.649321315371352827e-03 -1.162566986662081844e-02
3.612014000000000058e-01 8.011916842148761320e-03 3.583715704567821958e-02 4.213535525759283529e-02 3.727678908245968259e-02 1.325941902233394301e-03
3.621855999999999964e-01 2.441415543538695554e-02 4.912708795962705474e-03 3.831390279362325863e-03 1.206607631183826031e-02 2.803256016222364574e-02
3.631697999999999871e-01 4.066250550317514201e-02 1.503988773832297919e-02 -2.457450109007240299e-02 9.017792587755143335e-03 -1.005644572698983705e-02
3.641539999999999777e-01 -4.012955284595478428e-02 1.061139831882220927e-02 6.410451162117985005e-03 1.038912822918582057e-02 -1.665785332505719668e-02
3.651381999999999683e-01 -1.419839609164563190e-03 2.562884676555891861e-02 -3.959307319026317273e-02 6.886035944558465717e-03 -3.539602533068087614e-02
3.661223999999999590e-01 1.498315768032903311e-02 2.722769925631305862e-02 -9.697759206779201641e-04 -4.451784982189763845e-02 5.489310084142550849e-04
3.671066000000000051e-01 -1.600405451001673043e-02 3.792429016541240538e-02 9.974395246174405996e-03 2.087332988070770765e-02 -2.783130444671155432e-02
3.680907999999999958e-01 2.075368287165358858e-02 9.103088037779996644e-03 3.711126528721599149e-02 -1.131841260924437432e-04 -2.317216217660757888e-02
3.690749999999999864e-01 5.186407490735386004e-03 1.178251768301390862e-02 3.736284298469218917e-02 2.153728578936531246e-02 1.236932642728868006e-02
3.700591999999999770e-01 -9.866978357731653534e-03 -2.363497351661210388e-02 5.290275992324436696e-03 3.545361531919161840e-02 -6.571084204567708732e-03
3.710433999999999677e-01 -1.870094251975638194e-02 1.145561811989102494e-02 -3.242339769714449303e-04 -5.471529399971580962e-04 -4.371757762755182353e-02
3.720275999999999583e-01 9.885357953516015275e-03 2.590587066765831156e-02 1.049860315972111525e-02 2.480890148430394196e-02 3.692449870336965683e-03
3.730118000000000045e-01 -4.390516554457747850e-04 2.187611770585331725e-02 5.266895114658431964e-02 -1.788701213677753796e-02 -3.257771977692627136e-02
3.739959999999999951e-01 -9.581263809909253831e-03 2.364642348312886999e-02 -1.808426099344241644e-02 -2.684947937914129376e-02 1.279685329992988037e-03
3.749801999999999857e-01 -1.760643275555780337e-03 -1.877554816403969630e-03 -9.155332173508941990e-03 1.345689093386487171e-02 -2.062798312706864631e-02
3.759643999999999764e-01 -2.138902864524503539e-02 3.873260401856322855e-03 -1.263092112329214714e-02 5.859695919980635777e-03 -1.448425875482037620e-02
3.769485999999999670e-01 4.731433000717127912e-03 2.315794520725554181e-02 -3.315548931570696384e-02 1.828233125672966766e-02 -1.346520148393313444e-02
3.779327999999999577e-01 -1.017978869401531348e-03 3.283289853443226852e-02 -3.510342560027915337e-02 -3.162975872619987194e-02 2.591490291250760601e-03
3.789170000000000038e-01 -1.339853097230844954e-02 1.100483042346141888e-02 3.524784690522297752e-03 -2.362706650786121701e-02 -6.369251499482429628e-03
3.799011999999999944e-01 -1.822270203296165111e-02 2.619599647075939591e-02 -1.681652786589089843e-02 -9.449054459272710274e-03 -5.147461604412181119e-02
3.808853999999999851e-01 1.951653210580011136e-02 2.580621361400590660e-02 8.124097134011845286e-03 -2.225888370763863273e-03 -2.557213285623250593e-02
3.818695999999999757e-01 -1.676741302578931003e-02 -1.569794903174010978e-02 1.381556051470157233e-02 2.391310158793644863e-02 1.995445009888205043e-02
3.828537999999999664e-01 -8.842783964170247007e-03 4.606769642257015074e-02 -4.025889879262919968e-02 4.036722501856546130e-02 1.463546397444261647e-02
3.838380000000000125e-01 1.292542948822021859e-03 1.036368645385889360e-02 3.754349117370812949e-02 -2.591187280213718552e-03 -4.436267001550178724e-02
3.848222000000000032e-01 7.367000149574762582e-03 2.925236914767983393e-02 -1.518702981579604303e-02 2.016854426748913853e-02 -1.185011004314376511e-02
3.858063999999999938e-01 3.879915102434578454e-03 4.137413011674970914e-02 -1.426193612613491611e-02 4.351379710525862810e-02 4.062452752573442877e-02
3.867905999999999844e-01 -2.613348294724842855e-02 -1.355222492539619877e-02 -3.979849896223772859e-02 -9.521146357077498942e-03 2.733440704691166706e-03
3.877747999999999751e-01 1.592684296629710838e-02 -1.487303738536422271e-03 -1.277810264989013081e-02 5.373739892343077675e-03 -8.789779560316256235e-03
3.887589999999999657e-01 5.499870073674609401e-03 -1.194255371953019222e-02 2.509030688405911903e-03 6.097675832572731561e-03 -1.329944992546646353e-02
3.897432000000000119e-01 -1.222727396909689505e-02 4.357176154852017425e-02 3.178559859688904880e-04 -2.061105354490868138e-02 -1.140234311158302982e-02
3.907274000000000025e-01 2.675000480598062683e-02 -1.545084047187124734e-02 3.791246210597961491e-02 -1.728686639763116206e-02 -2.292571984105242627e-02
3.917115999999999931e-01 -2.595728152126722948e-03 -1.288266681053165663e-02 3.941775308710905590e-03 3.134508237273389564e-03 -2.284938749207617373e-02
3.926957999999999838e-01 4.456666535286454671e-03 2.022588052811562925e-02 2.667569339397018579e-03 -8.492764364971143454e-03 -3.214935184449711943e-03
3.936799999999999744e-01 -1.152279605998368997e-02 2.546761928073679529e-02 7.077263429242361577e-03 -1.426935619591331028e-02 -1.696387135839463184e-02
3.946641999999999650e-01 4.313675960259708009e-02 3.588499283772268039e-02 -1.473208197622414249e-02 -1.908300382863538976e-03 -1.864072471587759419e-02
3.956484000000000112e-01 1.733787894265443122e-02 -2.854293240788175617e-02 1.088552835655926844e-02 3.041919122570719333e-03 -1.283130619507629605e-02
3.966326000000000018e-01 6.396768565184100634e-03 -5.101524903397870910e-03 -3.751043494955322993e-02 2.756057130580165729e-02 2.353030487716930089e-03
3.976167999999999925e-01 -2.377286641506380985e-02 2.943097647712549295e-02 -1.830984945403034067e-02 5.640001919358264521e-06 -6.067886315989753226e-03
3.986009999999999831e-01 -1.193829440477250405e-02 2.398097795989846334e-02 -7.604400170344050372e-03 2.595518209860803865e-02 2.887846771449726138e-02
3.995851999999999737e-01 -1.691573301452486966e-02 -3.424973404755292383e-02 8.785505919809817599e-03 -8.101390159804329472e-03 -1.616534747650593545e-02
4.005693999999999644e-01 4.998409450032402501e-02 1.763103684595139151e-02 -2.066462563081237699e-02 -2.630439778303198840e-03 -1.210879759688950064e-02
4.015536000000000105e-01 -7.847142553765748194e-03 2.088319393483794098e-02 -2.896731855083043913e-02 1.993938486411326108e-02 -2.026004749420574902e-02
4.025378000000000012e-01 1.992717696779986586e-02 -3.165674360579549991e-03 2.459094414424105052e-03 3.956070274443314327e-03 4.106007753905941554e-02
4.035219999999999918e-01 7.906227593488726960e-03 -4.314079358299898609e-02 -4.685652463384590294e-02 -9.881976092447043725e-03 1.631699529512490449e-02
4.045061999999999824e-01 -9.873522296762287515e-03 1.243943439641378816e-02 4.924499295517172949e-03 -1.318763294992508946e-02 4.283503220534769923e-02
4.054903999999999731e-01 1.281160701368381713e-02 -3.703787354145493798e-03 2.259964678152451972e-02 4.774316786203042229e-02 4.817437704755005157e-02
4.064745999999999637e-01 2.125464279196263850e-02 -2.923242685866478396e-02 4.137548681502793702e-02 -5.495088420565417096e-03 6.500720002156051142e-03
4.074588000000000099e-01 3.561101803426403034e-02 -1.033792675981410822e-02 1.828119084147631843e-02 3.162762945801363395e-03 -4.050239329214269657e-02
4.084430000000000005e-01 6.364811892579460596e-03 -2.460456893956903049e-02 5.741239118542058872e-02 6.229274004158538887e-03 5.187239368539259396e-04
4.094271999999999911e-01 4.447715117901578086e-02 1.254954235095552366e-02 3.829115850160606099e-02 -3.777810131040790220e-02 -3.029657995540708387e-02
4.104113999999999818e-01 2.026971644946034407e-02 -2.185330134772004232e-02 1.809548684334925332e-03 2.933298691073994366e-02 -1.416471483252255796e-02
4.113955999999999724e-01 -6.149228545352198802e-03 -1.888478237705471310e-02 1.374030084410779971e-02 3.856003161039744248e-03 2.787006784257203135e-02
4.123797999999999631e-01 -1.122902670406155344e-02 6.369688184971564627e-04 3.398484179471310263e-02 2.903029710637433300e-02 1.331099430642536212e-02
4.133640000000000092e-01 4.858493514227149590e-02 -3.746435119496868693e-02 1.284561030377495520e-02 2.923669520077369285e-02 -2.492532841620759970e-02
4.143481999999999998e-01 5.199041586966827999e-02 7.883446635321065404e-03 -1.325228877465586211e-03 3.015843323676044990e-02 1.643639766073196062e-02
4.153323999999999905e-01 4.115201516887825872e-02 1.437963788124205916e-02 -3.820413755314701343e-03 2.860937497805834256e-02 1.523352129369077990e-02
4.163165999999999811e-01 5.155119904211560161e-02 -9.614837576863866780e-03 -2.953370355464771634e-03 2.419929022064195787e-02 1.753317901513346726e-03
4.173007999999999718e-01 2.394859096573606280e-02 3.294759078899919119e-02 -1.027787573920468413e-02 7.434411043138578791e-03 9.404844469850466571e-02
4.182849999999999624e-01 4.432428900452962256e-02 -9.649202335729287205e-03 -3.725417424785463279e-03 7.120776187337071739e-03 -2.925534922715815334e-02
4.192692000000000085e-01 5.498123394867886204e-02 8.793867299297389306e-03 -3.911003402204833029e-02 3.626427275425264662e-02 -1.588702978421881531e-02
4.202533999999999992e-01 3.653169199490443469e-02 -8.261046332281959947e-03 -2.888957710854453062e-02 -2.055766959355098331e-02 -8.992570518674235366e-04
4.212375999999999898e-01 -8.968308994377199861e-03 4.334905874588589753e-02 1.232638878814964686e-02 -8.516063463939384237e-03 -4.446808528775854363e-02
4.222217999999999805e-01 2.693911628819162241e-02 1.372163074861626822e-02 -2.006342123805904959e-02 -5.383059619323223716e-03 -6.610258371756075509e-03
4.232059999999999711e-01 4.808783517655264989e-02 2.412355135931094213e-03 5.808640596053391003e-03 1.212164757309506027e-02 6.219538772103944298e-03
4.241901999999999617e-01 4.887169027767701568e-02 -5.483637118108614442e-03 2.672931856754314286e-02 3.697528300156351089e-02 -1.367051826883895413e-02
4.251744000000000079e-01 1.545569016840728054e-02 3.344233350337694893e-02 -1.550436909199865571e-02 1.643780229820715477e-02 -1.844877089121572944e-02
4.261585999999999985e-01 3.069090710537105554e-02 1.196623185929830300e-03 -3.542357573954767191e-02 -9.627815427812571464e-03 3.287076640602406511e-03
4.271427999999999892e-01 -1.311477269295979915e-02 2.436430607638447737e-02 3.227852574638635091e-03 -7.404731989847323365e-03 -4.789406192230322439e-04
4.281269999999999798e-01 1.811545492449152112e-02 2.323887900455103711e-02 -4.249238799989026732e-02 -2.410629170947015815e-02 -3.502833566975067491e-03
4.291111999999999704e-01 4.487201993357316232e-02 3.491480708207524153e-02 -1.221619689475567441e-02 3.736311394532754182e-02 3.044599370276884764e-02
4.300953999999999611e-01 3.413566062692843101e-02 -2.919359402793265945e-02 -1.593365728392416927e-02 3.102341215422806109e-03 -1.022532340909964275e-02
4.310796000000000072e-01 4.962956078434546670e-02 9.621563175201503990e-03 -4.765412087359652271e-02 -2.413309832575572054e-03 2.993164970491351412e-02
4.320637999999999979e-01 2.336040282950506766e-02 -2.086257764026184028e-02 -1.955902513731919178e-04 -1.482292742308564427e-02 -5.061588765276513885e-02
4.330479999999999885e-01 2.147015840377054785e-02 2.512287365901926320e-02 -1.754781436212661180e-02 1.406608109492411135e-02 2.496306567597516082e-03
4.340321999999999791e-01 -2.095020604419114627e-02 -5.873784648042893602e-03 -1.649601223361904165e-02 -1.629410594023248185e-02 -1.327969466469749137e-02
4.350163999999999698e-01 1.671246997282937671e-02 3.448014822784801342e-02 3.347183656632328475e-02 4.270722608689241605e-03 -3.506117151745505311e-02
4.360005999999999604e-01 3.735101905546763662e-02 2.942921787576157494e-02 -6.942328146331780414e-02 2.535645865849622815e-02 -3.963717053215889963e-02
4.369848000000000066e-01 1.030885046555946906e-02 -6.404900531408696390e-03 1.808924438499468282e-02 2.849151407703675448e-02 -1.783040495060352754e-02
4.379689999999999972e-01 3.593734739434906178e-02 5.101882617326653629e-03 -2.256063518017559916e-02 3.169175738347900645e-02 4.520488267254556963e-02
4.389531999999999878e-01 1.666165533228333023e-02 2.269751173127738247e-03 -1.160252394575325523e-02 5.407970309477139192e-02 -3.804822619040082454e-02
4.399373999999999785e-01 3.781590620900696087e-02 1.229760116294514871e-02 -1.324073417619850423e-02 3.074278237185264565e-02 -1.482337908030336056e-02
4.409215999999999691e-01 3.993841124296130390e-02 -2.791989312731505551e-02 2.487578277629429267e-03 -2.221229814865924215e-03 2.257266541720169897e-02
4.419057999999999597e-01 4.473588812361005418e-02 -2.102177917635469906e-02 -2.899179519553989753e-02 -8.517550988933137238e-03 -2.383992994774901397e-02
4.428900000000000059e-01 2.653980278324110514e-02 -1.218866047051279065e-02 4.996725210511993726e-02 -1.479557070756760961e-03 -3.043106748939462813e-03
4.438741999999999965e-01 3.704728633349427952e-02 -1.473637128105580174e-02 -1.698040717531463725e-02 -1.304470701999508632e-02 -2.705331946254825246e-02
4.448583999999999872e-01 5.614584240904765822e-02 1.737188055661242903e-02 -7.488674197101022854e-03 -5.290945658004198894e-03 1.587831589737271135e-02
4.458425999999999778e-01 3.038736435130411778e-02 -4.162724918757090137e-02 1.600756552429196192e-02 1.657861275674747670e-02 -5.905222124349979868e-03
4.468267999999999684e-01 -1.133346766385072511e-03 1.990298573369092203e-02 -1.584034820236991312e-02 1.060766443821769232e-02 4.148190327443051356e-02
4.478109999999999591e-01 2.753414630845232858e-02 -8.480727351087961191e-03 -1.674445903166833435e-02 4.733943724459895508e-04 1.389453046633512545e-02
4.487952000000000052e-01 8.667955096823201991e-03 2.630429499092469189e-02 2.075753095697886394e-02 -2.215091661134750700e-02 -1.693285237805066193e-02
4.497793999999999959e-01 -4.231074213472905618e-03 -5.266957013409420338e-03 -4.303012778060065317e-03 7.721213516945907296e-03 3.663939341103336720e-03
4.507635999999999865e-01 1.301676458885854711e-02 -3.262760197665520723e-02 -6.919262117487118800e-03 -7.032100686048366016e-03 -3.074115977330028546e-02
4.517477999999999771e-01 2.841305707785523119e-02 3.012344619828707156e-03 3.430105075900900281e-03 1.692125612344471883e-02 8.078045916713901681e-03
4.527319999999999678e-01 3.845932747878300084e-02 -1.097439134869864635e-02 -4.254808863285675091e-02 -5.443631083020317174e-03 3.043090794071473884e-02
4.537161999999999584e-01 -4.999773336287480392e-03 -1.295275605724622442e-02 -1.868239078427683802e-02 1.382650376008774142e-02 1.896592945706443174e-03
4.547004000000000046e-01 1.641653470844368565e-02 -2.494800372391392171e-02 -1.830187983667791105e-02 -3.150388421483057977e-02 -1.194185390522138450e-03
4.556845999999999952e-01 5.295955301041060936e-02 7.711385836905136626e-02 -3.779896931356664658e-02 -1.368892776730041639e-03 -1.211411550704610471e-02
4.566687999999999859e-01 3.568701351779438730e-02 3.461283318866958253e-02 6.374003168280206223e-03 -1.013788345156267125e-02 6.865236516623146427e-03
4.576529999999999765e-01 2.530842841755322897e-02 -1.853270295871007819e-02 -1.073780557113454028e-02 -7.326531496430452144e-03 -4.434885923091419491e-02
4.586371999999999671e-01 4.261043473681406374e-02 -9.127622376568965412e-03 -2.240639810690329622e-02 3.487340368655948448e-03 4.388073839731427422e-02
4.596213999999999578e-01 5.281258581839063521e-02 2.970439767350306626e-02 4.030799875309998802e-03 2.002693242828478340e-02 -1.732361016995829367e-02
4.606056000000000039e-01 2.185282232762906368e-02 -4.552781783088035578e-02 -2.549838523215246233e-02 2.778367166433778207e-02 7.119553989143934981e-04
4.615897999999999946e-01 -2.727531145302343561e-03 -1.073642404108411490e-02 -5.227583798194582881e-02 -2.717993402040484036e-02 5.383459752665195087e-03
4.625739999999999852e-01 3.510548840601028509e-02 -4.470391886043095092e-02 8.538623723149802586e-03 -7.191562364513743276e-03 1.347767623246167064e-03
4.635581999999999758e-01 5.127707114366770319e-02 3.192568822751769286e-02 -3.408176970278087303e-02 1.097560631803936974e-02 -2.003548829780275875e-02
4.645423999999999665e-01 3.652426270715374707e-02 -4.831265089000161793e-03 -1.528887739780625254e-02 1.528435108669385159e-02 -1.536395421893406443e-02
4.655265999999999571e-01 -2.664946112911537393e-02 2.421363803807604145e-02 -2.200357191412323499e-02 5.994345175551640814e-03 9.963332320501857783e-03
4.665108000000000033e-01 3.825202813664382862e-02 2.223599091151068699e-02 -3.030888003641080478e-02 1.290592275035985954e-02 1.227290805430078860e-02
4.674949999999999939e-01 4.058255974283017653e-02 2.737389235816648295e-02 -4.558804419765784960e-02 2.717047195306202326e-02 -7.626171608572283878e-03
4.684791999999999845e-01 4.157527161343525096e-02 -1.187826375735196761e-03 1.168391259386834802e-02 6.869954165757288789e-02 -3.623390665491290491e-02
4.694633999999999752e-01 5.028696472284285152e-02 2.302022809282646201e-02 1.977849809286746615e-04 2.075815505724474402e-02 1.461187076057011806e-02
4.704475999999999658e-01 1.808810798177485496e-02 2.719071684893898180e-02 2.486582265251288670e-02 3.268098190424822969e-02 -2.499989970952197146e-02
4.714317999999999564e-01 -6.032282484908581960e-03 -2.983604706931262951e-02 -3.321410070792265613e-03 2.592846609664493582e-02 -2.147534079081843406e-02
4.724160000000000026e-01 3.427667198438971718e-02 1.737192402945695463e-02 2.171442314613149932e-02 -4.739405121112030134e-02 -2.632172764522986916e-02
4.734001999999999932e-01 1.576528664368846699e-02 -3.749325612705292632e-02 -1.938211037806704048e-02 4.679129237724409356e-03 -1.078029282270972881e-02
4.743843999999999839e-01 3.641686879740772820e-02 3.664408302641214421e-02 3.801777791706742460e-02 2.148318129614296829e-02 -6.175104609099538872e-03
4.753685999999999745e-01 6.833968781687359273e-02 3.757016818586203510e-02 8.911531381040239605e-03 -2.815485047245493144e-02 2.219436087475054956e-02
4.763527999999999651e-01 3.655019668466573390e-02 1.526806240072307863e-02 -2.276511627038184035e-02 -1.473472848797665116e-02 -8.124542401622723365e-04
4.773369999999999558e-01 2.822804244888448000e-02 1.388661492149856585e-04 -1.222755418534409236e-02 -2.485586036901826779e-03 -1.024966976092442188e-02
4.783212000000000019e-01 1.990567209960115297e-02 2.417961065669248580e-02 -1.502737877025849163e-02 -1.529142465753145601e-02 -2.920670238910102329e-02
4.793053999999999926e-01 3.654455920028263499e-02 1.683737334662888259e-04 -3.116518088374261100e-02 1.849955378580538101e-02 -2.176564601827181422e-02
4.802895999999999832e-01 3.326595748061195873e-02 -4.889509748946881118e-02 -1.352984876539556174e-02 1.278750830357230917e-02 -1.857789332245872796e-02
4.812737999999999738e-01 7.018417018236766669e-02 3.043110316772801305e-02 2.521483438024498674e-02 3.753358800269403217e-02 -3.517269462571425559e-02
4.822579999999999645e-01 2.573062435672218359e-02 -4.968436840918128219e-03 -1.411244898466947062e-02 -1.347587847623895642e-02 -2.276788175735015157e-03
4.832421999999999551e-01 4.329714658783977849e-02 1.537272967644522353e-03 2.789751590056596935e-03 1.166109656246816333e-02 1.569827361992870776e-02
4.842264000000000013e-01 9.087167876715319947e-02 -4.263226698700688794e-02 9.902450804967311698e-03 1.864021845538637451e-02 -4.475283871851231873e-03
4.852105999999999919e-01 5.748291035970459067e-02 -1.819091514764943976e-02 1.407833185358443352e-02 2.334157269410928881e-02 2.869270124839325836e-02
4.861947999999999825e-01 3.557149343544925568e-02 2.151475632566892879e-03 -7.755740755139850506e-04 1.470033211760796328e-02 -2.395963156698775048e-02
4.871789999999999732e-01 5.288193200982470310e-02 -3.057477536971227663e-02 1.251768345169273003e-02 7.686042910057019027e-03 -1.462676979178267195e-02
4.881631999999999638e-01 3.977186014036303979e-02 1.203244840948900461e-02 -4.723113161044951817e-03 -2.152363726935592469e-02 -8.534796131600647789e-03
4.891473999999999545e-01 1.842547375664736753e-02 -7.085225852217547950e-03 8.815288659464435433e-03 2.828452415541877346e-02 -1.398951960562082493e-02
4.901316000000000006e-01 7.202664402931401033e-02 -2.962008707085276443e-02 2.302723812749265034e-02 1.834110400951843509e-02 2.309744811179816754e-02
4.911157999999999912e-01 -2.370293276352026038e-02 9.344657232646188041e-03 -2.291414874312244082e-02 -1.679300623544195334e-02 5.539107579818852711e-02
4.920999999999999819e-01 -4.206746182711548722e-04 1.374464011656408198e-02 1.283842110700615310e-02 -2.693264900659629937e-02 2.319572671748023479e-02
4.930841999999999725e-01 4.278417545052598525e-02 2.093514321492821739e-02 4.653410364523952007e-03 2.092568122349157400e-02 -3.371647383552153071e-02
4.940683999999999632e-01 2.756224757740466727e-02 1.662252895089173094e-02 -6.555823845163831834e-04 4.678354794370021691e-02 -8.040218962318660539e-03
4.950525999999999538e-01 4.657358870485136387e-02 -6.280477463107056457e-02 -3.394417162565637868e-03 -1.315354721431337415e-02 5.143436956919606416e-03
4.960367999999999999e-01 -6.589512705505039432e-03 2.274673148812608042e-02 -1.237558971676528882e-02 4.762848469159025946e-03 -6.271189115960326688e-02
4.970209999999999906e-01 6.472642654427512854e-02 -3.377805703099224024e-03 1.240399074159675573e-04 5.763708644690631461e-02 2.455598789300311030e-02
4.980051999999999812e-01 4.358357056451632461e-02 -3.394527749703719205e-02 2.954371479515446788e-03 2.412740650831827691e-02 -2.172343353504190954e-03
4.989893999999999719e-01 2.630126264133813077e-02 1.311131190483106473e-02 -4.299276711260521106e-02 3.859493894385256085e-02 2.357391029116390202e-02
4.999735999999999625e-01 5.205836066446344057e-02 -3.032806698083970187e-02 2.678683129783423003e-03 3.685293432318407364e-02 2.176589088246173517e-02
5.009578000000000086e-01 8.492102769038879784e-02 4.765564609444049304e-02 3.292828650883271313e-02 7.586430556312495632e-02 1.934998167231193403e-02
5.019419999999999993e-01 1.150045200068134238e-01 -6.256154087848324200e-04 4.365465878711577430e-02 3.323858043871753126e-02 9.494149451782818439e-02
5.029261999999999899e-01 1.448315001429315019e-01 1.107365511251211798e-01 9.030879140190629928e-02 4.478568893210705532e-03 9.333710909931004773e-02
5.039103999999999806e-01 1.237909463860065729e-01 6.672648088045202153e-02 1.301704640600279961e-01 8.287931773839563032e-02 1.109143218572972295e-01
5.048945999999999712e-01 1.721543090442460844e-01 9.408186553351474690e-02 7.816161319066659841e-02 6.941892771828704622e-02 1.001919630932933541e-01
5.058787999999999618e-01 1.688768391653460710e-01 8.470043164906058963e-02 1.433031941974327594e-01 9.078997066108097924e-02 1.323591132451832630e-01
5.068629999999999525e-01 1.772871860972526914e-01 8.243852116447998590e-02 1.081254084663594017e-01 5.499751552881372574e-02 1.472359573133063260e-01
5.078471999999999431e-01 1.903833220360932055e-01 1.216429263860554777e-01 1.594360017325806567e-01 1.049514929405225283e-01 1.177361280487452810e-01
5.088313999999999337e-01 2.053849892713714431e-01 9.973024160458086873e-02 1.634934673621940560e-01 8.576101175059724913e-02 1.368010577932883276e-01
5.098156000000000354e-01 1.387739452674602580e-01 1.215629729074771681e-01 1.308852733445016181e-01 1.145561533073193444e-01 1.120284719284321828e-01
5.107998000000000260e-01 1.778734098345113590e-01 1.746684484375207735e-01 1.323714944575602737e-01 8.729144468865342177e-02 1.169763211467290814e-01
5.117840000000000167e-01 2.032770443837845220e-01 1.278058665456261456e-01 1.470186591981029467e-01 1.080135652029609039e-01 1.469175115037069379e-01
5.127682000000000073e-01 1.574147251156798322e-01 1.060058580620206053e-01 9.188180950183294504e-02 8.882195120795309540e-02 1.474752644058872908e-01
5.137523999999999980e-01 1.458460622964771192e-01 1.071618735736923900e-01 1.735596077198015841e-01 1.225675343383641480e-01 1.595167348059488011e-01
5.147365999999999886e-01 1.670277654173039084e-01 1.033049649431827810e-01 1.188499904425247278e-01 8.403635727259092802e-02 1.332564388174652115e-01
5.157207999999999792e-01 1.934111575280836604e-01 8.788378928686002567e-02 1.337426749547614979e-01 1.092526629296430157e-01 1.218570580148727739e-01
5.167049999999999699e-01 1.765383558636000605e-01 8.846988573843429793e-02 1.234139288752604535e-01 6.941775999466089087e-02 1.355875163596469146e-01
5.176891999999999605e-01 1.909753194562110457e-01 1.447706281311746668e-01 1.217779655329387228e-01 9.671836345777407029e-02 1.183780488088553712e-01
5.186733999999999511e-01 1.582920738282010686e-01 1.117459894561341899e-01 1.486092303704394102e-01 9.204632900314795030e-02 1.050863164958434487e-01
5.196575999999999418e-01 1.741711353362303816e-01 9.974214323802085835e-02 1.230974203929673799e-01 8.424837960838164885e-02 9.260485842027629810e-02
5.206417999999999324e-01 1.566274785420664895e-01 1.203820227806052245e-01 1.244612074859001161e-01 6.700763595985860521e-02 8.714907948345775035e-02
5.216260000000000341e-01 1.771934878919195766e-01 6.906767342863355530e-02 7.856106257951825378e-02 7.086588111519714905e-02 5.108872541127273265e-02
5.226102000000000247e-01 1.231865667812757636e-01 1.621193748980162552e-01 9.596478918419659720e-02 6.489065941699791173e-02 8.245253906732168125e-02
5.235944000000000154e-01 1.504993966660477245e-01 9.126231145988294990e-02 6.781793250654680194e-02 5.559392074450471982e-02 1.017237868750844182e-01
5.245786000000000060e-01 1.551003791407191690e-01 1.312743736093892055e-01 1.220185109784013289e-01 8.354833709391588925e-02 6.390535376621227226e-02
5.255627999999999966e-01 1.618131177001506382e-01 1.547079530063117936e-01 8.462597470880327266e-02 8.981665084397071064e-02 1.408084679739811385e-01
5.265469999999999873e-01 1.522507261360060427e-01 1.335302892802013586e-01 9.664275665400980098e-02 1.650010361204616929e-02 7.873381474097582156e-02
5.275311999999999779e-01 1.496926947875271141e-01 1.129787118817714986e-01 2.300155855160137403e-02 1.044378707048980726e-01 1.014519210523845139e-01
5.285153999999999685e-01 1.499673763972685370e-01 8.177173617783660420e-02 6.661198415337306333e-02 6.081804645339109611e-02 4.005044662659028309e-02
5.294995999999999592e-01 1.648698737550841620e-01 1.431533605538670983e-01 1.154282439055125120e-01 3.875485620964402855e-02 7.472805027752106588e-02
5.304837999999999498e-01 1.496410677095983965e-01 6.687544037074942549e-02 6.156157227600266013e-02 1.196626997543322052e-01 8.846043803988948295e-02
5.314679999999999405e-01 1.282823327862127605e-01 1.116774746059463197e-01 8.735596851161983589e-02 2.667124118399947716e-02 6.996257156870516747e-02
5.324521999999999311e-01 1.286596275127791511e-01 1.127765956409305659e-01 2.258779069881439172e-02 3.404646077893389716e-02 8.011401109176236046e-02
5.334364000000000328e-01 1.348059704760305733e-01 1.004850529558955485e-01 7.446788274224122595e-02 7.444463221370802020e-02 9.877973049775828907e-02
5.344206000000000234e-01 1.566115881852638558e-01 4.562725684285340311e-02 8.526105663620978103e-02 9.133037756158282616e-02 6.811806934238083533e-02
5.354048000000000140e-01 1.325214921922024947e-01 1.005175572796571104e-01 7.198896241223232129e-02 3.396204268180607472e-02 9.077094160459081573e-02
5.363890000000000047e-01 1.218237199091259243e-01 6.702711956142569372e-02 6.943282092918554027e-02 5.938051728086701786e-02 5.605373157188276584e-02
5.373731999999999953e-01 1.038108197672647781e-01 1.036271294893489486e-01 6.546811574203469097e-02 6.076397729897654171e-02 9.161394629271625567e-02
5.383573999999999860e-01 1.833635505904764318e-01 3.024565487953174980e-02 7.816005832628958316e-02 5.374458801933211516e-02 6.574818136102721089e-02
5.393415999999999766e-01 1.302698857028452006e-01 7.767359016843050634e-02 9.336314436795756233e-02 8.014147183125430729e-02 9.995796933226848424e-02
5.403257999999999672e-01 1.016441666563358825e-01 5.301377756484774301e-02 9.619615968005529316e-02 7.221013107568695355e-02 8.794508075520665602e-02
5.413099999999999579e-01 9.599351644954617901e-02 8.044048450357885183e-02 8.488257470231812263e-02 3.483465823541273543e-02 4.633202495506644897e-02
5.422941999999999485e-01 1.137825863466298965e-01 5.407025201559716165e-02 9.377841652220209046e-02 3.836739332824575660e-02 6.554007804528398651e-02
5.432783999999999391e-01 1.096773872679208395e-01 6.354587739196046470e-02 8.454664668094678814e-02 5.082481363607888741e-02 8.650576958163049002e-02
5.442625999999999298e-01 1.869701584189569221e-01 5.210613785253894598e-02 4.867361989655345778e-02 5.494411003748267408e-02 4.340396045549273218e-02
5.452468000000000314e-01 1.206314169280392756e-01 4.613722109583508202e-02 3.876716680910508028e-02 9.626132663014969060e-02 5.538128204647677771e-02
5.462310000000000221e-01 1.169896952382337013e-01 6.490279150006125763e-02 8.061269910865347110e-02 2.748293250235727542e-02 3.937900959601418199e-02
5.472152000000000127e-01 1.017043011965323152e-01 8.594859130631396504e-02 8.344555676997957028e-02 4.756296130177256609e-02 6.068331039337800104e-02
5.481994000000000034e-01 6.740726375616686028e-02 6.578827425896535686e-02 8.523725453697755805e-02 3.761035265186454118e-02 6.144196481218233002e-02
5.491835999999999940e-01 1.097216801956028553e-01 4.397448874215821590e-02 4.311416791840632506e-02 3.808122977961993227e-02 5.652327459975031720e-02
5.501677999999999846e-01 1.348288337793519254e-01 6.372243587519654980e-03 4.147532266796763456e-02 4.702154654024285479e-02 4.572423142741668250e-02
5.511519999999999753e-01 8.981389285021697255e-02 8.441471152368373865e-02 6.960375000099180975e-02 5.159698112804436687e-02 7.203127420889443577e-02
5.521361999999999659e-01 1.036376968882030819e-01 2.851576356677393634e-02 2.337472586172916270e-02 3.962399773426013988e-02 3.967081916384052748e-02
5.531203999999999565e-01 7.881852371708336635e-02 1.205785951608091128e-02 4.409218288398766838e-02 8.843792939942807241e-02 5.421759269162619577e-02
5.541045999999999472e-01 1.040810564300122532e-01 2.689183344826652153e-02 5.617360471345135553e-02 5.639778134273579907e-02 7.376654041870958634e-02
5.550887999999999378e-01 1.421226710216544620e-01 4.024418892283010418e-02 4.951185041079135540e-02 6.911772413732820974e-02 6.911771543007788621e-02
5.560729999999999285e-01 5.660451023447069657e-02 6.379995934446776318e-02 3.813330278733981227e-02 1.303401983780913369e-02 6.832156527758753706e-02
5.570572000000000301e-01 1.023755265051352059e-01 2.009483547141160606e-02 4.457956218241379553e-02 2.959783351777156221e-02 2.953704373810167941e-02
5.580414000000000208e-01 7.698754681098592123e-02 3.008439599544562165e-02 7.271048513344588460e-02 2.843933674327404904e-02 6.862173621682002289e-02
5.590256000000000114e-01 1.184831344918066548e-01 3.802208359042382607e-02 6.733478677255674838e-02 7.360808618542660775e-02 2.165683983278982733e-02
5.600098000000000020e-01 1.081411757926994954e-01 -1.809114950529485538e-03 7.182133639421037219e-02 5.707257329482092606e-02 6.189157019626708583e-02
5.609939999999999927e-01 1.043947413273759173e-01 9.038080781778096151e-02 2.754636879789940443e-02 6.660046618955310638e-02 6.758448266323591191e-02
5.619781999999999833e-01 1.032762253752785575e-01 5.727574818306153948e-02 4.048615145205225474e-02 4.973110960224374176e-03 3.738215753303418543e-02
5.629623999999999739e-01 7.257849243584559018e-02 3.380374245430761704e-02 3.143391270518874903e-02 5.268512776487230959e-02 4.138477605454305569e-02
5.639465999999999646e-01 1.891591563326798231e-01 6.380339743200649782e-02 7.451431011294412654e-02 1.594785213464621973e-02 2.307900266599136052e-02
5.649307999999999552e-01 9.610672402582706719e-02 -9.721891458248137219e-03 6.711624640158846133e-02 6.969108605057787627e-03 4.486083102297432068e-02
5.659149999999999459e-01 1.092111109620541587e-01 2.324231506297465971e-02 5.886025295377458194e-02 4.321404045044065917e-02 3.135432892274776090e-02
5.668991999999999365e-01 8.603558838498370775e-02 1.704211567755625767e-02 5.887452412701774107e-02 3.619026984602244368e-02 2.704088757787913039e-03
5.678833999999999271e-01 7.986595970321039295e-02 7.150017892804932940e-02 5.460025264705034576e-02 3.972314365985055856e-02 7.052537818869508701e-02
5.688676000000000288e-01 1.013708132212774032e-01 3.329811560151519582e-03 4.579220604753388157e-02 7.798998608274093636e-02 2.044370882146524793e-02
5.698518000000000194e-01 1.125688909565830953e-01 2.848518986123256200e-02 3.110235692981936154e-02 2.345896518519511795e-02 -1.483345954645673773e-02
5.708360000000000101e-01 1.026369803994382490e-01 1.179427674521112829e-02 3.142236545787666785e-02 2.647029424080795876e-02 2.817811301543963684e-02
5.718202000000000007e-01 7.915030043807022575e-02 8.096426788875191183e-02 2.175574565253358267e-02 4.655603931247360300e-02 1.891945011361352092e-03
5.728043999999999913e-01 9.112142350179962269e-02 7.197033052479746840e-02 4.578630420942499113e-02 3.738079154334531667e-02 2.516278837447217739e-02
5.737885999999999820e-01 1.382425108347719589e-01 2.546063423899086117e-02 4.641268858956196924e-02 5.564229836585683764e-02 5.330213167448283329e-02
5.747727999999999726e-01 1.088796425637699045e-01 1.675069011359807403e-02 4.201490832182121216e-02 6.269463761206985064e-02 5.940087803199830402e-02
5.757569999999999633e-01 6.297144265075207969e-02 -1.852893201575496127e-02 6.185155125116694255e-03 4.478589838130121042e-02 1.335800120594023751e-03
5.767411999999999539e-01 8.782802334542534617e-02 -1.110409239294731128e-02 6.042330335159190602e-02 5.405406186688475195e-02 5.564198873919076055e-02
5.777253999999999445e-01 9.773804744192660099e-02 5.744346100542430111e-02 1.570827940057308719e-02 6.482141573057034756e-02 1.091161993801617386e-03
5.787095999999999352e-01 4.899289832935905392e-02 4.417178948169914188e-02 7.939620782910177324e-03 4.632524484680822230e-02 3.267649737537633037e-03
5.796937999999999258e-01 1.135382921993406957e-01 5.764152785189832068e-02 -2.997596082329680861e-02 3.793084762743327565e-02 1.910248551884881699e-02
5.806780000000000275e-01 1.069548045796663849e-01 3.667175815927768701e-02 3.278140963009482794e-02 2.015068276865024030e-02 5.589876644509154252e-02
5.816622000000000181e-01 7.789769828871137558e-02 4.101837676897377577e-02 5.522118524514822713e-02 6.578804343545162359e-02 6.159194502149590439e-02
5.826464000000000087e-01 4.579863188863774609e-02 3.880763065500363040e-02 8.636265536454761083e-02 4.878979540485430672e-02 5.423489363180756390e-02
5.836305999999999994e-01 7.416185870996219731e-02 6.892804497938054276e-02 2.411900749356990156e-02 -4.579090502845432030e-03 3.179855101548075685e-02
5.846147999999999900e-01 3.731954128494181094e-02 5.588320843688417833e-02 1.949262490109636469e-03 3.193424031223047327e-02 5.554594479296673382e-02
5.855989999999999807e-01 8.934331789998081752e-02 4.192561135329878758e-02 3.903502941199648441e-02 -1.164992916288110168e-03 2.039623705247274252e-02
5.865831999999999713e-01 1.152336429616721003e-01 3.971450015532381611e-02 -9.607766943348888811e-03 3.384996841035291248e-02 3.575887409775739545e-02
5.875673999999999619e-01 7.107040202976468157e-02 3.852970717134903550e-02 2.999111026254112217e-02 -8.797552008118253615e-04 1.135987802928680075e-02
5.885515999999999526e-01 6.036126096008281872e-02 5.445236688255596785e-02 2.926827770011815322e-02 2.396730970056010213e-02 -4.045898143252081233e-03
5.895357999999999432e-01 3.377453021546290152e-02 3.884004376038773659e-02 3.553142742163063056e-02 5.370372981327574402e-02 3.221261542962076951e-02
5.905199999999999338e-01 5.966515445955342112e-02 3.360610502974679253e-02 1.513697198624043387e-02 2.725127972412522137e-02 4.831974278588437033e-02
5.915041999999999245e-01 7.112211008001190216e-02 6.150478920280635919e-02 6.466560142110706899e-02 1.820274314098299304e-02 1.152256690712769472e-04
5.924884000000000261e-01 8.062031320358779840e-02 1.749187888194210852e-02 8.542583923429431306e-03 4.590858430864608493e-03 -8.799560097022644800e-03
5.934726000000000168e-01 7.527169050390745964e-02 6.723283906256569131e-02 5.690777155641699170e-02 3.778312199389156911e-02 7.189144136633079940e-02
5.944568000000000074e-01 1.032774058649830462e-01 3.684880217133604946e-02 1.003721889816726678e-02 1.810850823238647350e-02 5.986626295046762469e-02
5.954409999999999981e-01 9.349519628537862614e-02 -2.484544425147039090e-02 1.207145638441304257e-02 -8.020340157746965598e-03 3.931949899387263830e-02
5.964251999999999887e-01 6.726701585940926542e-02 -3.333581146764550123e-03 1.894729401735711222e-02 1.578541889194832321e-02 3.690783874952330637e-03
5.974093999999999793e-01 1.009443737624397125e-01 7.367010565339822403e-02 2.723282194997718453e-02 4.995693497065401001e-02 5.257877757808588660e-03
5.983935999999999700e-01 9.415175447933406272e-02 4.003361579460723574e-02 2.938968885498254371e-02 2.161083108550815660e-02 5.653383178567036177e-02
5.993777999999999606e-01 8.493578873306016630e-02 4.706048574121705214e-02 4.601061445595482774e-02 1.321273090774214599e-02 3.049036640831568560e-03
