0.000000000000000000e+00 -1.015334315086794392e-01 -8.730339519625421318e-02 -6.070727881252201141e-02 -7.500722056596750842e-02 -9.937320388811488048e-02
9.921999999999999396e-04 -5.959871798263341458e-02 -8.369712946402643738e-02 -6.445526023795884740e-02 -2.769824520678199065e-02 -3.371910819143929261e-02
1.984399999999999879e-03 4.797522084416309951e-02 1.819746089362275082e-02 6.791292197823244059e-02 8.068600038714594455e-03 6.098325241370423921e-02
2.976599999999999819e-03 4.825982568178960840e-03 1.641435995254254127e-02 1.164003845702644459e-03 3.460181027997476233e-02 3.622561337862929831e-02
3.968799999999999759e-03 -3.810151616362605909e-02 -6.490411792936283397e-02 -1.049486712699334440e-02 -3.725614368409234378e-02 -6.629146807157035304e-02
4.961000000000000132e-03 -3.857214190032941248e-02 -2.961281190438275548e-02 8.887770731083849407e-03 1.255077145267313211e-02 1.221858449733922644e-02
5.953199999999999638e-03 1.683924290334762319e-02 2.974445802249545828e-02 4.517698079894379160e-02 5.406866369115233273e-02 5.565326819858662510e-03
6.945399999999999144e-03 -3.945807740073620229e-02 1.307590544293234756e-02 6.330336845912677701e-02 1.149369159567580241e-02 3.913188671388618395e-02
7.937599999999999517e-03 -9.732532397409818237e-02 -6.104951827613035349e-03 -6.369672252211823482e-02 -3.280939381464070131e-02 -1.782540936425739200e-02
8.929799999999999890e-03 -1.267235975808506804e-02 -1.365607724275524730e-02 2.932926524084314077e-02 3.580585113030430866e-02 3.292821681072811979e-02
9.922000000000000264e-03 8.428948998695187655e-03 -1.236793275822588994e-02 2.831388828808664021e-02 1.490011173263684242e-02 1.669327404705522183e-02
1.091419999999999890e-02 -6.616905863628891327e-02 -3.981709769815885980e-02 -4.809926652262194041e-02 -2.301417672031948192e-02 2.475846899653632921e-04
1.190639999999999928e-02 -5.048371832054116687e-02 2.204429418927612155e-02 -2.076960562258711382e-02 -1.951594979224234930e-02 -3.135701003469827143e-03
1.289859999999999965e-02 -1.810015141649742171e-02 2.924807156194490082e-02 3.865171293217120000e-03 -3.952177753376884262e-02 5.867961801004720201e-02
1.389079999999999829e-02 -6.091873767596948236e-02 -2.131077131652647783e-02 -9.385532311065179073e-03 -2.263505415731070780e-02 2.688743972342757388e-02
1.488299999999999866e-02 -3.156816061400653101e-02 4.796545225993257416e-02 -5.900748704389275484e-02 5.876730500680922217e-03 -2.057606527524097340e-02
1.587519999999999903e-02 -7.952536131251897872e-03 2.071068636000071225e-02 7.541073765185653255e-02 1.066148979344817144e-02 1.314215437022983948e-02
1.686739999999999767e-02 -4.419186563836509374e-02 -2.220489049776861422e-03 2.047877134822830014e-02 6.022925882136248750e-03 1.691017962559354659e-02
1.785959999999999978e-02 -7.597620660303812390e-02 -1.090066085381567740e-02 -1.392038233495838592e-02 -4.098723391324809312e-02 -1.325431161778381668e-02
1.885179999999999842e-02 -3.864056430600642383e-02 -2.238543532889118726e-02 9.502681307104951514e-03 3.060585008133714924e-02 -1.151365644848532975e-03
1.984400000000000053e-02 -4.251936035739982411e-02 1.976887646748459737e-02 2.925621878916939006e-02 2.437279745047943660e-02 5.534835393660067319e-03
2.083619999999999917e-02 -8.075124269207477334e-02 3.618979254873504192e-02 -2.877166385507567287e-02 -7.753833910631801642e-03 -3.053232568429042545e-02
2.182839999999999780e-02 -9.784364424146027583e-02 4.015917263525535519e-02 -7.086331568004949032e-03 -2.085998782609986557e-02 1.006978837611716658e-02
2.282059999999999991e-02 -2.129782803752919285e-02 1.230078520990312944e-02 2.343129187402850575e-02 -1.994710759508025108e-02 2.867318892245154099e-02
2.381279999999999855e-02 -7.469409727150275180e-02 1.073380410278496934e-02 -1.011121869224589249e-02 -1.459250908980344250e-02 -6.007443901212972635e-03
2.480499999999999719e-02 -3.401852580548381938e-02 -3.687525940691520343e-02 2.893445787165317001e-02 -4.815221324015038495e-02 4.828524624849507910e-03
2.579719999999999930e-02 -5.119247276496849408e-02 4.605408244511005264e-03 -5.624488718765903970e-03 -2.692438797497619454e-02 2.516974831944506288e-02
2.678939999999999794e-02 -5.325584965147381333e-02 3.342374061597354340e-02 -5.109990491753322456e-02 3.078574186497332402e-02 -1.147956973706878991e-02
2.778159999999999658e-02 -6.839987009270716289e-02 -1.461041918175052211e-02 -3.577291563449995493e-02 2.025263141620237128e-02 -1.101308251431577269e-02
2.877379999999999868e-02 -5.583788468759209173e-02 1.400081688598372835e-02 -4.994029373277846656e-02 3.851943934786775103e-02 1.679259739378377581e-02
2.976599999999999732e-02 -7.978654381167900322e-02 4.296476660653156948e-02 2.299883740787982828e-02 4.593663560100594810e-03 -3.278638376052196018e-02
3.075819999999999943e-02 -3.844631837961944715e-02 -1.285431099876064610e-02 4.272426329573642684e-02 -3.948025830749553322e-03 -1.944309327100604556e-02
3.175039999999999807e-02 -6.154345567524072136e-02 4.797475213781535706e-03 1.278123798612401663e-02 3.104086282914213148e-03 -9.612788931040375587e-03
3.274259999999999671e-02 -5.580353756341470406e-02 -2.860015784792516169e-03 -1.341483840057956659e-03 5.358599469088127197e-03 -5.387522271026132931e-02
3.373479999999999535e-02 -4.410494074182504803e-02 -2.520802832522272760e-02 -3.092902223346578883e-02 -9.756499670610172936e-04 -1.796038154009891100e-02
3.472700000000000092e-02 -5.422342709614629691e-02 3.015107611873844504e-02 -2.019933588144495404e-02 -1.248448860307893940e-02 -1.725646920906019274e-02
3.571919999999999956e-02 -2.099458608147901622e-03 -4.133426892495095997e-03 -3.473470990607633018e-03 5.826540758575233722e-03 1.056383997496855923e-02
3.671139999999999820e-02 -3.592772710716096718e-02 -1.851128710209102093e-02 4.373916747470735222e-02 3.930623566482943643e-02 -2.765753180383951487e-02
3.770359999999999684e-02 -3.159801715747950768e-03 2.746921600585477616e-02 -8.232107869031739592e-03 6.546863967481015428e-03 -4.740722667161723081e-02
3.869579999999999548e-02 4.149027078580672101e-02 1.058923916124428731e-02 2.441250910058023575e-03 -5.997756518448416063e-03 -2.603556425714606288e-03
3.968800000000000106e-02 -4.524901459995625368e-03 -2.376316388014835385e-02 1.486124432419673805e-02 -1.543422878704382023e-02 -1.369616910852627847e-03
4.068019999999999969e-02 -3.247595311765908484e-03 -1.146367267464136822e-02 1.508617443443853977e-02 3.583715399657537437e-02 1.251237898091858529e-02
4.167239999999999833e-02 -2.975409610158037677e-02 1.680942265801944890e-02 7.365976917994049473e-03 6.159473303781323392e-03 -2.439730862009951290e-02
4.266459999999999697e-02 1.523687102743227079e-02 2.781655495534090736e-02 2.381565364729972684e-02 1.560913973765830354e-02 2.705308854165907294e-03
4.365679999999999561e-02 -4.420869149277767245e-03 1.862029663610114891e-02 2.315478823242097042e-02 2.552658968443824103e-02 -1.012914019087486801e-02
4.464899999999999425e-02 -9.289056098052029132e-04 -5.231460118106223862e-03 -1.565153400535621367e-02 -3.377238846097263547e-02 -3.802617729881473726e-03
4.564119999999999983e-02 -2.615550280274515221e-02 -9.873694583906487965e-03 -1.288322186508025595e-02 1.346416814078917360e-03 3.017806614594921878e-03
4.663339999999999846e-02 1.344101509240103187e-02 -1.515379636130522074e-02 -1.722202363954409080e-02 5.569059032557431912e-03 5.575680846312811891e-04
4.762559999999999710e-02 1.435815036399457588e-02 -4.183882619308599421e-02 1.181422312645492682e-02 -3.529523223345486932e-02 -1.142290156858091939e-02
4.861779999999999574e-02 7.644251191388014288e-03 -3.042946391175527232e-02 -4.843943274075530360e-03 1.318219161712867564e-02 -6.944657284876750575e-03
4.960999999999999438e-02 -1.201557042086961666e-02 1.259033383056985464e-02 -1.309431232195901011e-02 -3.727823260331326709e-03 -2.232559184470438857e-02
5.060219999999999996e-02 -1.489207540727814465e-02 1.811117561881809071e-02 -2.972998317998940682e-02 2.189842109284848362e-02 -1.156606284357159647e-02
5.159439999999999860e-02 -5.940938781664593937e-02 -4.300646129748664226e-02 1.736120261388139283e-03 -3.087663880494196517e-02 2.572903463453746556e-02
5.258659999999999723e-02 -5.016389409761704173e-03 8.775212983594484623e-03 5.625870279218178616e-02 -1.858903303323177283e-02 4.428981064191666109e-03
5.357879999999999587e-02 -2.259339286373865038e-02 -1.260963167607553892e-02 -3.209902665369931962e-02 3.751943941625135448e-02 -3.150497718128818930e-02
5.457099999999999451e-02 -3.068905187708551724e-02 -1.862098216410952578e-02 9.599056390254175888e-04 -3.565865913349660493e-02 8.155226469352136812e-03
5.556319999999999315e-02 -5.308405982994372080e-02 3.559555481774601821e-02 -3.090243166008633038e-02 3.325236218786348230e-02 -5.240621139177199100e-02
5.655539999999999873e-02 -1.565865670576709057e-02 1.416109686676096310e-02 -9.628733185555803792e-03 -3.651274060825671682e-03 -1.013915652114205646e-02
5.754759999999999737e-02 -2.611975056971673620e-02 -4.751377439371427466e-03 5.223171158480750635e-03 2.562380104486985857e-03 -5.278181196737730813e-02
5.853979999999999601e-02 -5.891217869647949468e-02 -3.807690621157375915e-02 -1.762225234901044005e-02 -4.172064953746221910e-02 -1.718168214216153969e-02
5.953199999999999464e-02 -4.082298557948219053e-02 -1.463955163039464685e-02 -1.749300675379634323e-02 1.762277850462279014e-02 2.280705778537572143e-02
6.052419999999999328e-02 -5.929829637011647253e-02 -2.563665233143520503e-02 -2.891578634339382267e-02 -9.144524128009741057e-03 1.620656644945999911e-02
6.151639999999999886e-02 -1.168097958632004392e-03 3.973839126537814792e-03 -1.789970215024403594e-02 3.416226709464993683e-02 -2.306866488706455637e-02
6.250859999999999750e-02 -2.943799461917818300e-02 5.180104180821645463e-03 -1.828476196421815331e-02 -2.411445451632577078e-02 3.139365838472228665e-02
6.350079999999999614e-02 -6.437928131588563710e-03 -1.892676865715996887e-02 -1.292600840835676605e-02 -1.548397202911208463e-02 -3.054464948995767870e-02
6.449299999999999478e-02 -4.088840279796738392e-02 1.025924935997335474e-02 -1.760660278739939813e-02 1.811700483885971338e-02 -8.429340753875575257e-03
6.548519999999999341e-02 -3.401390294688780291e-02 4.267233671891483560e-02 4.522106430729321697e-03 -8.308028635420303468e-03 -2.914254160862923132e-02
6.647739999999999205e-02 -1.017992007092170803e-01 -3.039393464625361058e-02 -9.890132144303087972e-03 1.343060960863585139e-02 1.524450604783919409e-02
6.746959999999999069e-02 -4.734220851443535910e-02 -7.868937808748168589e-03 1.145497923602768796e-03 2.734792033102579050e-03 8.436145176108909502e-03
6.846179999999998933e-02 -2.038138297807762928e-02 -1.796495120623261763e-02 2.396032842584367925e-02 3.295247135323059462e-02 4.232750240974902760e-03
6.945400000000000185e-02 -2.458631253768562078e-02 -3.902511845707611754e-02 4.956738184367153084e-03 -2.025908958803574952e-02 3.375270767321880000e-02
7.044620000000000049e-02 -4.171582802592730538e-02 -2.695896383152882395e-02 2.105847580125287666e-02 -9.447932172022355593e-03 -2.309171957614712667e-02
7.143839999999999912e-02 -6.816200054038955292e-02 -5.151735581298691127e-05 1.248050804293787501e-02 2.509035935902831013e-02 -1.103325207420812783e-02
7.243059999999999776e-02 -7.541546181749540778e-02 -5.400375195469083421e-03 2.737988230163874645e-02 -2.078478757963051621e-02 -2.886844287135140533e-02
7.342279999999999640e-02 -4.612966366968831305e-02 1.018508716690839574e-02 -3.938030761786581041e-02 2.823781634528924750e-02 -1.558558336722520345e-02
7.441499999999999504e-02 -6.439873481309775494e-02 -1.106949740231081419e-02 -1.685100647549694561e-02 1.002260341791916427e-02 1.142773236263953419e-02
7.540719999999999368e-02 -5.558703208814348706e-02 5.238105808488031576e-03 3.307443480690296783e-02 9.987637721604453872e-03 2.162767766200410918e-02
7.639939999999999232e-02 -3.316719693864972340e-02 -1.672543388216146329e-02 4.063190793605783030e-03 -8.681556958653385836e-03 2.062066751960455954e-02
7.739159999999999096e-02 -4.952150097328906347e-02 1.377795555904157143e-02 -3.226328407546934229e-02 8.078479669206491826e-03 -1.547248322006703099e-02
7.838379999999998959e-02 -7.852500576610489669e-02 -1.771077071896371910e-02 3.094798279182434803e-02 7.975387615083049178e-03 -4.879932096638329997e-02
7.937600000000000211e-02 -1.875321829260850892e-02 -2.217687087487490646e-02 2.247266851050193012e-02 -3.008969788396589212e-02 4.215932515254441036e-03
8.036820000000000075e-02 -3.632322515359992510e-02 -3.739003536129784089e-02 -2.063468298921831631e-02 -1.632555887884807114e-02 -1.156124679773818005e-02
8.136039999999999939e-02 -2.933439889227698605e-02 6.462577611810096240e-04 1.360482650674438992e-02 -1.233906012043369839e-02 2.724304730571863037e-02
8.235259999999999803e-02 -1.309268950303932831e-02 1.768643136814745595e-02 7.250768549445757438e-03 -2.336596580161399983e-02 2.706457571859662709e-02
8.334479999999999666e-02 -2.194832807268150277e-02 -4.470664072183171828e-03 4.822855585026398877e-03 2.305348980221363919e-02 -2.175956995149938913e-02
8.433699999999999530e-02 1.953227535094754011e-02 -8.351368413724672216e-03 -1.125979838895716130e-02 1.411001366331522504e-02 1.538209834250916846e-03
8.532919999999999394e-02 -3.876829958888452360e-02 3.198474620461062151e-02 -1.919112041986756334e-02 -1.146328385771289843e-02 -5.158456210061868052e-02
8.632139999999999258e-02 8.293333530718842092e-03 3.613398488487705451e-02 -3.549547947071127890e-02 -4.404116717600835285e-02 1.719662737642335334e-02
8.731359999999999122e-02 -1.667390724025878679e-02 -4.663810397990517109e-02 -2.984127706868912322e-02 -5.237837961364269837e-03 2.100869891910208537e-02
8.830579999999998986e-02 -4.538002858556564739e-02 4.952623762371841099e-02 -2.931598336045969019e-02 9.191988894067071141e-04 -6.781011717489996435e-04
8.929799999999998850e-02 7.944227663682358956e-03 -1.095557666402766951e-02 3.881548676756264599e-03 -1.540586114682335368e-02 3.724703347791957775e-02
9.029020000000000101e-02 -1.314045956219746757e-02 3.204073964469451169e-02 4.334856959688682468e-03 2.555854885676659555e-02 -4.705105254778792212e-02
9.128239999999999965e-02 -4.469822052513963001e-02 -1.188433081773375768e-02 3.959864685218054611e-03 1.062289392734539623e-02 -1.350801243114712648e-02
9.227459999999999829e-02 -2.245283756128486213e-02 -3.281338845929417190e-03 -1.520107679272114654e-02 -2.956729585072173649e-02 1.297125302122581481e-02
9.326679999999999693e-02 -1.387735994211726671e-02 -2.563403982190375768e-02 -4.825981428948351143e-04 -2.124604500274477475e-02 -5.377591091099013891e-03
9.425899999999999557e-02 2.421958238626585255e-02 2.568174233903898485e-02 4.353170089465887779e-03 -3.894964753101783084e-02 -3.330849242441661501e-02
9.525119999999999421e-02 -1.066573817054957199e-02 -1.866832085368403185e-02 1.190670935839227909e-02 5.600608934795405988e-04 -1.145383619205629123e-02
9.624339999999999284e-02 -4.636662237423049698e-02 -1.600754554505543978e-02 3.540859388758188769e-03 3.221751682371538916e-02 -1.428703458389520183e-02
9.723559999999999148e-02 -1.860418059283203487e-02 1.832948668897146569e-02 -2.753588028535119275e-02 -5.794225788145260236e-02 -7.210675035902516794e-03
9.822779999999999012e-02 -2.002099191251250840e-02 -3.730873051481201248e-03 -2.050695704475238509e-02 7.445439013404391189e-03 -1.077247379509664073e-02
9.921999999999998876e-02 -6.422254212780982574e-02 4.236807901345503863e-03 1.927150449844365274e-02 3.325521612600217808e-02 -1.392717906125565466e-02
1.002121999999999874e-01 -4.689442135753735773e-03 3.700206455603319983e-02 -2.583807822395805046e-02 7.241565574232314631e-03 2.905176257616264024e-02
1.012043999999999999e-01 -4.365222716291690397e-02 2.913424834668960559e-02 6.774820457273306000e-03 1.811468599321551173e-02 2.736153150211569074e-02
1.021965999999999986e-01 -4.057590831578194307e-02 2.420551735633098833e-02 3.365467047835771913e-02 1.066102748985987489e-02 1.576310052537008635e-02
1.031887999999999972e-01 1.760248034477582268e-02 4.945018519352994274e-02 -2.647085216610733580e-02 6.666687006527568767e-04 3.576107626785737098e-02
1.041809999999999958e-01 -1.639330518993221270e-02 -3.422702229934304033e-04 3.127674874558290796e-03 9.152683918173370450e-04 -1.612341944727193818e-02
1.051731999999999945e-01 -2.685169740987077350e-02 2.311265301048869708e-02 -2.741697842333903901e-02 5.708373687492607207e-03 -2.796445598493173604e-02
1.061653999999999931e-01 -2.315959762059629015e-02 1.546307984891764908e-02 1.712624229265509446e-02 -1.768481354190300225e-02 2.501458778021176110e-02
1.071575999999999917e-01 -5.212168958270100433e-02 -3.725716083329591501e-03 -2.481351366545740331e-02 -2.760053646108703157e-02 -4.262943004496882321e-02
1.081497999999999904e-01 -3.278126659389221653e-02 5.162820583264594865e-02 2.395898232192412991e-02 5.505859229823352463e-02 -3.351217352121371729e-02
1.091419999999999890e-01 -7.630290651295407178e-02 6.278293414305486514e-03 4.473457335327345186e-02 1.187296702246054894e-02 -4.167050965383279661e-03
1.101341999999999877e-01 -5.050186342061458930e-03 -4.115171645181978782e-02 -1.131878788342255068e-02 1.451318488431631651e-02 -1.153821154645661047e-02
1.111263999999999863e-01 -3.047437392673369230e-02 7.396758175601264237e-03 1.149567694066614722e-02 1.091517843050806950e-02 -3.961769084660437049e-03
1.121185999999999988e-01 -4.746252706166206176e-02 8.207542596225685105e-03 7.291441083349364805e-03 2.195194368901758758e-02 1.661349953898070067e-02
1.131107999999999975e-01 -2.975073930329171640e-02 -3.740963246494527841e-03 1.916394614632945317e-02 -1.006771380405655641e-02 -5.071154477653849052e-02
1.141029999999999961e-01 -8.212056112491822324e-02 -1.568969833247846335e-02 4.598206482860283523e-02 -2.699116044413958290e-02 1.275991087436861328e-02
1.150951999999999947e-01 -6.617732382933629032e-02 1.107221803177612339e-02 2.389045298963428376e-02 1.100661087131213009e-02 -4.798698082803953130e-02
1.160873999999999934e-01 -6.486272733664989742e-02 2.772751690566971350e-02 4.625699243890786516e-02 -2.024437575324692512e-02 -2.139751825829838694e-02
1.170795999999999920e-01 -9.519191477735120324e-03 -1.569265271473616746e-02 1.940931048438485768e-02 1.174719050736653878e-02 6.574580270589733787e-03
1.180717999999999906e-01 -2.950184641448293926e-02 -7.066356299353735576e-03 6.072445160341917794e-03 -4.084346211113072667e-02 -3.882800199080851684e-03
1.190639999999999893e-01 -2.090457042832947337e-02 2.055928221574194331e-02 -2.726910399914614369e-02 -4.983393597110883505e-02 -1.921564045897422232e-02
1.200561999999999879e-01 -9.029333287011624687e-02 3.520098090623138484e-03 -3.698403866171996041e-02 -1.244779002951766460e-02 1.550285467810578674e-02
1.210483999999999866e-01 -8.754951349415687756e-02 -1.044564382417163253e-03 -1.253802044129434089e-03 -5.413580252801524807e-03 -2.501923749555865634e-02
1.220405999999999991e-01 -7.711541836692144269e-02 1.253035759069825658e-02 1.115086592501824021e-02 -2.095228635859959845e-02 -8.663281103401846220e-03
1.230327999999999977e-01 -5.436272379563470564e-02 -1.540868975468167451e-02 -2.491144791129749556e-02 -1.961919347918630180e-02 -1.782190987030597348e-02
1.240249999999999964e-01 -3.705400753156347371e-03 -6.279082856468005958e-03 -3.115445048469770578e-02 -2.221541471610090357e-02 -1.365423100288764083e-02
1.250171999999999950e-01 -2.968038754508025776e-02 2.844916486479087334e-02 7.750093301335496052e-03 1.741009495048560091e-02 7.172453873928952284e-03
1.260093999999999936e-01 -3.101871690574421747e-02 1.655527668433638038e-03 -6.797635683461808638e-03 -9.036070727191336223e-04 1.824822512547479361e-02
1.270015999999999923e-01 -5.812927591487306901e-03 -1.495708407407755729e-02 2.116129452295787208e-02 -3.362684805328666759e-02 2.587613087217629278e-03
1.279937999999999909e-01 -1.232393983226375694e-02 -2.528521136703542303e-03 3.460791901418633592e-04 -1.441823199878121582e-02 -2.185091790755554556e-02
1.289859999999999896e-01 -5.157497246567178950e-02 1.581984463281926531e-03 -1.291968911258509298e-03 -9.772233101483352932e-03 1.336176068128012984e-02
1.299781999999999882e-01 -2.561976274360819664e-02 -2.091279261178403612e-02 4.984905746598719545e-02 -9.672569867172924399e-03 -3.602869124997236383e-02
1.309703999999999868e-01 1.578795231274454300e-02 -2.189468366913906172e-02 4.639935836615143028e-02 1.908491171778702814e-03 -2.592893098587599476e-02
1.319625999999999855e-01 -2.509955029276484534e-02 -1.807195704811956349e-02 1.591649947181269023e-02 1.333567179602582718e-02 -3.068659278175806231e-03
1.329547999999999841e-01 3.918150907745361622e-02 3.939498253395336269e-02 2.195652492231687028e-03 -1.800604935637908563e-02 3.049099140434879864e-03
1.339469999999999827e-01 -2.301479391780341180e-02 -1.114410252098919571e-02 5.107470779222100798e-02 1.029738860901645986e-02 -3.472415570713865279e-02
1.349391999999999814e-01 3.881773089728206977e-02 5.516045358118957902e-03 7.524801076231601993e-03 -1.742438512326399680e-02 -3.722329726587787768e-02
1.359313999999999800e-01 4.680438308383368107e-02 7.760480167085624138e-03 7.847975180608332199e-03 1.180435256799499538e-02 9.372018256831855451e-03
1.369235999999999787e-01 1.622523142689940873e-03 1.947206361560961663e-02 -3.836657462748578433e-03 5.505582626528080468e-03 -1.791887158883675654e-02
1.379158000000000051e-01 3.207390927691769478e-02 -3.200561303261609952e-02 4.081569515176786123e-02 2.186457926773950969e-02 6.080372402013242694e-03
1.389080000000000037e-01 3.876611393631552299e-02 -4.515481183925854590e-03 2.595850283909106535e-02 2.828162825966970204e-02 2.406483863131663598e-02
1.399002000000000023e-01 -3.113346899853248334e-02 6.406263765433670154e-03 6.290896673141546658e-02 1.381181803888974387e-02 -1.030086100021509847e-02
1.408924000000000010e-01 5.112864830467105104e-02 -4.405833622463290605e-03 1.844515273784563814e-02 6.107723010886210308e-02 1.215407116096172378e-02
1.418845999999999996e-01 2.908872392818730515e-02 -4.032431095536283261e-02 4.701253296023909928e-02 -2.299254977702545194e-02 1.379847768834764100e-02
1.428767999999999982e-01 3.509857507930444487e-02 1.542801385841973717e-02 -2.124522427673516956e-02 -6.228637177547692236e-04 2.598000734925529770e-03
1.438689999999999969e-01 4.682736085761909917e-02 -6.934937882636626506e-03 4.236659682378118852e-02 -1.594408508299390709e-02 -1.616384837221982937e-02
1.448611999999999955e-01 -1.463803994592205275e-02 1.022611051744090616e-02 1.413603916736523233e-02 9.508646173889993489e-03 5.986509969593959563e-02
1.458533999999999942e-01 1.942227908613525580e-02 -5.123426398336682064e-02 1.400147256073881394e-02 -7.972237986957972020e-03 8.583285423122677046e-03
1.468455999999999928e-01 -1.875999790409006718e-02 -2.180758585146252634e-02 -2.488158552911114152e-02 3.759790884857838311e-03 -5.465645212253007583e-03
1.478377999999999914e-01 8.763504575843324498e-03 7.834660024415395288e-03 -2.048588900972488774e-02 2.528115829983412430e-02 6.663201198513005186e-03
1.488299999999999901e-01 -4.406093548233798451e-02 7.849348395438335638e-03 -3.935518037203796643e-02 -8.852171575169605344e-03 -2.413547863227279155e-02
1.498221999999999887e-01 2.152563862041417808e-02 -1.767569493917586082e-02 2.456114115085101038e-02 -3.574104786635765030e-02 3.913179263754942155e-02
1.508143999999999874e-01 -4.812883570930614856e-03 1.276850301467401770e-03 -2.120015920249125607e-02 -3.996787970658834815e-02 2.003928013910573694e-02
1.518065999999999860e-01 -2.107472639305619719e-02 3.938414041913283065e-02 -9.781514399240532828e-03 -1.127915688252885233e-02 1.026953512952196064e-03
1.527987999999999846e-01 -5.264719959013687209e-03 -3.227338115998477225e-02 -4.421489504835923040e-02 -3.647495887301638318e-02 -4.733591092156220689e-03
1.537909999999999833e-01 -2.227724555537675954e-02 -3.075561426803098339e-02 -1.323283557833738501e-02 1.009795432684976353e-02 -1.269018109649818100e-02
1.547831999999999819e-01 -4.697613270236945457e-03 2.256978259551516760e-03 1.329243945193640981e-02 7.487916551853591313e-03 -4.832411494902016610e-04
1.557753999999999805e-01 2.530938125252397367e-03 1.561170114331121399e-02 1.617339015727053964e-02 -2.696127822731583107e-02 2.860675749172547806e-03
1.567675999999999792e-01 1.534302988300581712e-02 2.423086506822052719e-02 -1.222040764112281887e-02 -1.384637369812898207e-02 1.937613457820486565e-02
1.577597999999999778e-01 -1.127447206255828213e-02 2.086800529758544437e-02 3.507780067788827949e-02 -1.656976301461494981e-03 -8.504105327940663858e-03
1.587520000000000042e-01 -1.834858755158502719e-02 4.512669493357898687e-02 5.752258626214694359e-02 2.309809308477734843e-02 -1.573253349621760167e-02
1.597442000000000029e-01 -4.516824657783883798e-03 -4.370567501255206294e-03 -2.518924894307553175e-02 2.981303091105141911e-02 4.737266356847499166e-02
1.607364000000000015e-01 -3.557694762292790765e-04 9.124850756376364641e-03 -8.109550904486539577e-03 1.178023663699539168e-02 -9.131882520693700850e-03
1.617286000000000001e-01 2.648220666965287601e-02 3.912173415721793140e-02 3.908235441950505193e-03 2.836189512406670984e-02 -9.125646699836800768e-03
1.627207999999999988e-01 -2.999809641143916586e-03 2.176453020840294142e-02 -7.417837726142494266e-03 -5.713047587314229458e-02 -2.533733062247058455e-03
1.637129999999999974e-01 -7.872369672056851730e-02 -1.611360918794586469e-02 -4.896274790722372761e-02 -3.607883983596302940e-02 5.765149691820930199e-03
1.647051999999999961e-01 2.350091175790101905e-02 2.084117185595753957e-02 9.740080143937405316e-03 -4.388490651449340751e-03 8.696712884581030492e-03
1.656973999999999947e-01 2.534330453454656726e-02 4.127284415702284388e-03 -1.563968057283717308e-02 -6.072565402553758377e-04 8.131101675884525384e-03
1.666895999999999933e-01 -5.504040115143290710e-03 2.816614567078487910e-02 -3.429669899586654941e-02 -3.229085444094086793e-02 -1.731736835080966916e-02
1.676817999999999920e-01 -6.447848572955726387e-02 2.580064980822964482e-02 -3.698443634205952554e-03 2.283501585503518866e-02 1.529184842329272057e-02
1.686739999999999906e-01 -4.751960165564057120e-02 5.281817271710642983e-03 1.027907191374526942e-02 2.121750504998851442e-02 2.220508455291875932e-02
1.696661999999999892e-01 -3.914225278167719063e-02 1.582978392551828012e-02 7.106920145165392805e-03 -2.280371418166069267e-02 -1.251545163921827589e-02
1.706583999999999879e-01 -9.410086782141639794e-02 2.412709091611629601e-03 1.201751300742045017e-02 1.335456320586021935e-02 -5.357924492021570728e-02
1.716505999999999865e-01 -7.435171451185028368e-02 -3.834161160251332856e-02 -9.211586540466491779e-03 1.635305395488069035e-03 4.722718133527784197e-03
1.726427999999999852e-01 -5.433083404929849730e-02 3.003430513101638596e-02 6.051617089526345472e-02 -6.846586303456863795e-03 1.854486316113740374e-02
1.736349999999999838e-01 -1.353950397264204290e-02 5.135253191943557616e-03 1.684848875777316540e-02 3.902358038945585167e-02 6.589623263295007506e-03
1.746271999999999824e-01 -2.668585499531117566e-02 6.495774772151505227e-03 -1.163499973208677145e-02 2.969218057484813988e-02 2.358577041758777148e-03
1.756193999999999811e-01 5.931604655319515709e-03 -2.084393570150343961e-02 7.625749409930817832e-03 4.786814264679059398e-03 1.048655844366406902e-02
1.766115999999999797e-01 2.181914551666749684e-03 -5.206755504202529965e-03 1.049235270007559291e-02 2.035595767763037287e-02 2.838967406363698300e-03
1.776037999999999784e-01 4.943935808706537843e-02 2.736216961903708417e-02 1.320714336916275350e-02 -1.158391214731389288e-03 -9.525406696896204090e-03
1.785959999999999770e-01 1.708573787591215545e-02 2.463014329243302242e-02 -4.475781407402945437e-03 1.178802767155607244e-02 -1.603582633338088842e-02
1.795881999999999756e-01 1.210815686379800027e-02 3.960609579847822019e-03 -3.016684172518425966e-02 -2.326395643901835262e-03 4.006349750519833108e-02
1.805804000000000020e-01 1.012634632828973702e-02 7.251443153949584629e-04 -1.317619399540703902e-02 1.956134030514317806e-02 -2.279745561437823351e-02
1.815726000000000007e-01 4.382797567911816961e-02 1.076211361421684602e-02 -7.442347231753973849e-03 2.980704029119761109e-02 -3.028540304547867532e-02
1.825647999999999993e-01 2.985916296192893740e-02 -1.564858922990512366e-02 -3.819616533774251171e-02 3.433051985933449363e-03 -2.403907855106869693e-03
1.835569999999999979e-01 4.374208496124579182e-02 4.216081223075956140e-03 -9.649971395030621305e-03 -2.070550597464669226e-02 -1.225120513734645651e-02
1.845491999999999966e-01 2.527768624243801818e-02 -1.272516816628072901e-02 -6.637773655232128561e-03 3.463639865029595477e-02 2.977603627975639045e-02
1.855413999999999952e-01 4.590060213596435651e-02 4.196276458134431953e-03 7.553636384502730727e-03 1.404280308930982123e-02 1.179647630130194885e-02
1.865335999999999939e-01 8.449978480132286363e-02 -7.436972931441845555e-03 -2.977369589241021103e-02 -1.981037745739062245e-02 -6.996444736665053711e-03
1.875257999999999925e-01 -7.918152314506180997e-03 1.949814468958026943e-03 2.845523885633812616e-02 2.866691126470187131e-02 2.787246823491893247e-02
1.885179999999999911e-01 1.685620615357400626e-02 1.097702111276069661e-02 7.669925871718484903e-03 -5.649496008736461586e-03 9.159778891612865501e-03
1.895101999999999898e-01 3.441135702468539614e-02 -3.939760557743469949e-02 1.996947131674511530e-02 -4.203540711635731430e-04 1.402510217146526322e-02
1.905023999999999884e-01 -1.964099071780790913e-03 -1.164740737941032112e-02 -1.139147453063839646e-02 8.970620781968466004e-03 -1.761323354815596577e-03
1.914945999999999871e-01 -1.661789644559672277e-02 -1.331130759040578815e-02 5.514314772431640546e-03 1.188561472008355449e-02 -2.608464712566153920e-02
1.924867999999999857e-01 3.797647375361076771e-02 -7.945530436060416202e-03 9.351720175183353065e-03 -3.237573444617528658e-03 1.349446240287309647e-02
1.934789999999999843e-01 -4.799824620462776921e-03 1.312968407372416997e-02 -1.400319659943714302e-02 2.942990135551860204e-02 -1.154981425714052788e-03
1.944711999999999830e-01 3.345014225313042849e-02 1.440475107220279619e-02 -1.741781980798098178e-02 1.661807288825747561e-02 -6.048805742610712487e-03
1.954633999999999816e-01 -1.831352415892570709e-02 -2.850887668921864987e-02 7.037527595354975407e-03 -2.664035426747262542e-02 -6.553051202155909041e-03
1.964555999999999802e-01 -2.261982200661971296e-02 -2.307387998990042752e-02 -3.678623821279132511e-02 1.226740160678894444e-02 -5.513267873347631708e-03
1.974477999999999789e-01 -1.122269550314492718e-03 1.578713454934374538e-02 -3.068565992381805038e-02 8.087269762025109041e-03 -2.089549662628811463e-02
1.984399999999999775e-01 -3.960803020685767228e-02 4.166301491922343864e-02 2.956603537283044800e-02 -7.885838952487614004e-03 1.989534906702244282e-02
1.994321999999999762e-01 -3.254562780686828805e-02 -1.545271311712763211e-02 -4.741475614774393922e-03 9.668219000285919323e-03 -2.426494660313990859e-02
2.004243999999999748e-01 -2.064083282122596962e-03 5.544149320697384399e-03 -4.005675263561859177e-03 2.514006382894567668e-02 1.286523774918036690e-02
2.014166000000000012e-01 -1.113876451037949800e-02 -2.524641867109312168e-02 -1.346584140451545335e-02 -2.875305997199935001e-02 6.430001119328450365e-02
2.024087999999999998e-01 9.332454448453162202e-03 4.570766026213412062e-03 1.566438719106615432e-02 3.635041101507142242e-02 -8.229110281697569335e-03
2.034009999999999985e-01 -1.213323602870895052e-02 8.207324817082462670e-03 -2.128549984526864614e-02 4.426639931992912280e-02 4.523493292582128622e-02
2.043931999999999971e-01 1.330555468108759673e-02 6.706852585993844373e-02 -1.390617845562333588e-02 8.489058426098088626e-05 1.538150245158411561e-02
2.053853999999999957e-01 -5.028967736394894354e-03 2.458671331236541788e-02 -7.886980156604472478e-03 -3.251166613050743195e-03 -1.953928863331070871e-03
2.063775999999999944e-01 -2.873355960050178425e-03 -2.187485793168242321e-03 -1.138322463399493722e-02 3.976966496167521232e-05 -2.701060185128404539e-02
2.073697999999999930e-01 -4.734697086036050717e-02 1.830008625714171777e-02 1.268179211747105795e-02 -1.084913461228413471e-02 3.002311829449844094e-02
2.083619999999999917e-01 -2.524717107446705980e-02 -1.629065661640770671e-02 1.514943948440027575e-02 -7.944502653306572890e-03 -7.234248087422323267e-04
2.093541999999999903e-01 -1.226999997005583445e-02 -1.531064917290359505e-02 1.867355967142225390e-02 4.335125758956027281e-02 4.411495005059410529e-02
2.103463999999999889e-01 -6.781218595423323808e-03 -3.297606267895834831e-02 1.109765100947446466e-02 -2.301908249743487081e-02 -4.490279832270151900e-02
2.113385999999999876e-01 1.354480715773959641e-02 3.017527631643259281e-02 3.108053080503367371e-02 -2.936221042137268991e-02 1.578090572073954576e-02
2.123307999999999862e-01 2.073324201401683525e-02 1.207838953967145003e-02 -1.062315839857792300e-02 1.124944296371045444e-03 -4.072581914420062704e-02
2.133229999999999849e-01 1.662274169413638369e-02 -3.297930956686199316e-02 -7.176195570736877694e-03 5.490399330846953106e-03 -8.082636314981071421e-03
2.143151999999999835e-01 -1.049191509979004004e-02 1.412526520701628836e-03 2.465732841617973917e-02 -1.510807592434514415e-02 1.171886800288006458e-02
2.153073999999999821e-01 2.364576691171163536e-02 3.392902225582195876e-03 -2.889711962863919514e-02 1.329467578224547038e-02 -2.366723164079210552e-03
2.162995999999999808e-01 4.144788178925878919e-02 -4.754593794960918551e-06 3.343383238932593621e-02 4.593276749980215040e-02 -4.913337275013293648e-03
2.172917999999999794e-01 1.943740645865190200e-02 -1.064412293906671567e-02 2.834683763683168434e-02 8.461621978555525572e-03 2.471705634562948797e-02
2.182839999999999780e-01 -2.652631323964720761e-02 4.202390474769267942e-02 -2.958293558586357064e-02 -3.054860179503735354e-02 -3.064582313696362012e-02
2.192761999999999767e-01 9.579678267599717884e-03 -1.457246988963881856e-02 -1.152339526415366430e-03 -1.070134647181399806e-02 -9.873608204985531017e-03
2.202683999999999753e-01 1.465357065112045040e-02 2.776821292773999986e-02 -4.126424787061993421e-02 1.653960022192688117e-02 -3.402793031498973445e-03
2.212605999999999740e-01 4.348518555208011512e-03 3.669877030008839719e-02 -1.437870632719718796e-03 -2.054288075688968582e-02 -2.406903710278242639e-02
2.222527999999999726e-01 -3.642840566593133576e-03 2.684635832424398655e-02 -2.637657284503766228e-02 -3.297414744507789347e-02 -1.187704901146241542e-03
2.232449999999999990e-01 2.381534773821242235e-02 2.108019145597257726e-02 -6.706501101160224423e-03 -6.506421816697455403e-03 4.029613512367589967e-02
2.242371999999999976e-01 -1.071211634983161402e-02 3.158597299905192141e-02 -1.398290549109819370e-02 -4.027390640914744330e-02 -5.148575416223239755e-03
2.252293999999999963e-01 -1.686639512130622132e-02 4.960238521301754862e-03 2.507394030105422958e-04 3.675714367698144133e-03 1.910996272239729593e-02
2.262215999999999949e-01 2.696507921027523243e-03 -1.594280905397518029e-03 1.614349728871747325e-02 -2.554652106899188077e-02 2.776972614827330141e-02
2.272137999999999936e-01 -3.631824882168979002e-02 8.193378240990796188e-03 -1.151056637867755618e-02 -5.214864840718778233e-02 -9.223339395911724081e-03
2.282059999999999922e-01 -1.573619240266120253e-02 1.117107585996859193e-02 2.494207349990859232e-03 9.201476450240617458e-03 7.071568944286839992e-03
2.291981999999999908e-01 3.606913657063847561e-02 -2.620266823728183495e-02 -4.108115776307600525e-02 -1.193283627301934893e-02 1.069384759993937707e-02
2.301903999999999895e-01 5.038844548550294733e-02 -1.863787559336542096e-02 2.385943512614175158e-02 -7.652872827425763122e-03 9.036056788324491398e-03
2.311825999999999881e-01 -3.685285871986425377e-02 -5.213879585284364460e-02 -2.575109043548180765e-02 3.228080888158170458e-02 -1.081533234316697789e-02
2.321747999999999867e-01 7.306233717908776132e-04 -1.160874657691211842e-02 2.288550133496432271e-02 6.449615162751175072e-03 1.733402188366450075e-02
2.331669999999999854e-01 1.246402818304783063e-02 2.110715902148870005e-02 -5.577193900912180702e-02 -2.007314665480295149e-02 -2.192045854739412599e-03
2.341591999999999840e-01 3.079397526255044093e-02 -4.865213905857046495e-02 -5.402811587337627737e-03 3.848987178023547534e-02 -1.725039190072655965e-02
2.351513999999999827e-01 2.803791536230815576e-02 5.917561727917020932e-03 -9.284925481229437672e-03 3.375732661915369082e-02 -1.038141644899824058e-02
2.361435999999999813e-01 8.958881635346067560e-03 -1.826481818461724721e-02 -1.663754512645608183e-02 -5.782439759405350738e-02 -2.340880562554752825e-02
2.371357999999999799e-01 3.442726194758567726e-02 2.755801448263804979e-02 5.009542783189340626e-02 3.537916409482855934e-02 -1.215559495450812405e-02
2.381279999999999786e-01 5.588117368819574965e-02 1.448170134570618030e-02 2.274896762139178366e-02 -6.000141114058258132e-03 -1.673760146365341206e-02
2.391201999999999772e-01 2.286141317601897427e-02 -3.680843571384315345e-03 -2.443599225003543693e-02 1.128647938921318976e-02 -1.238772657349916304e-02
2.401123999999999759e-01 2.900239657776192224e-03 -2.355112193674060213e-03 -1.941659537879433101e-02 -2.316102219798324077e-02 2.890542700120173752e-02
2.411045999999999745e-01 2.816028877259834154e-02 -2.247598581397165177e-03 -3.582062540719263555e-02 5.908894993261915463e-04 5.160391680110358072e-03
2.420967999999999731e-01 5.382629367531768794e-02 -4.541025850863047303e-02 6.536193602441870733e-03 1.995316271106308686e-02 -3.027441071534211700e-02
2.430889999999999718e-01 4.862045766862043567e-02 -1.027139266919311310e-02 -1.001884283174349181e-02 3.554206822323929815e-02 6.224508077322859828e-04
2.440811999999999982e-01 2.798047650532927214e-02 3.811698407096339447e-02 6.823559162767191266e-02 4.458702475999638815e-02 -2.311958266052541872e-02
2.450733999999999968e-01 1.720038802201372813e-02 8.307552747183268331e-04 -4.531307511096160229e-02 -4.711507291820941738e-03 1.199578653760090957e-02
2.460655999999999954e-01 4.449399134249904658e-02 3.352817463819098703e-02 -3.943251375872224018e-03 -2.322004992076808286e-02 -1.117703054501771077e-02
2.470577999999999941e-01 3.847270454096329839e-02 -3.240583628285837597e-02 -5.239717013633979348e-02 1.422508346852527882e-02 1.086589091346356305e-02
2.480499999999999927e-01 -3.851001694111034438e-03 -7.445228640550758184e-03 -1.905441943853173692e-03 4.127760140207263617e-02 -3.089375390684401604e-02
2.490421999999999914e-01 -3.597469444674103456e-02 6.483813646371573182e-03 -2.471657403096854180e-02 -2.550160518787787569e-03 1.281994712471384683e-02
2.500343999999999900e-01 4.936904217296964048e-02 -5.370758924624424550e-03 -1.811715663852614747e-02 2.534718768257964924e-02 -1.421858813112491203e-03
2.510265999999999886e-01 -7.701316064774029607e-03 2.674716585526179524e-02 7.726271039265420826e-04 5.493526256504768085e-02 -5.842076504212994140e-03
2.520187999999999873e-01 3.386047517005259799e-02 -1.804927663339879126e-02 -1.238496337252529937e-02 -5.663384891805258586e-03 1.019007067115446259e-02
2.530109999999999859e-01 -1.600042964175666521e-02 1.741804110146449424e-04 1.677416035565031105e-03 2.053776631991625565e-02 -6.322759172580324875e-03
2.540031999999999845e-01 -1.311505386556191706e-02 1.783314538217446558e-03 1.837750335864211937e-02 -1.404838079416707158e-02 7.435699696092244217e-03
2.549953999999999832e-01 2.150953177112161635e-02 9.550213153267542859e-03 -5.554665451857965230e-02 1.946025299985770785e-02 -2.205998497757849855e-02
2.559875999999999818e-01 2.004351787791587222e-02 -2.979745521616260565e-02 -2.105366277947141873e-02 7.573150673166112110e-03 4.744586591656872049e-02
2.569797999999999805e-01 -2.082158530621328312e-03 -4.130366073697714496e-03 1.185349249941666273e-02 -4.543925066200929161e-03 3.020348041171078135e-02
2.579719999999999791e-01 -8.576116258376174570e-03 -1.297466949498670905e-02 -1.652977507336993168e-02 4.080777169960467243e-02 -7.322870025917211506e-03
2.589641999999999777e-01 -4.061029365240924165e-03 -1.501697347862962842e-02 3.265707502997289291e-02 1.030427655339031905e-02 -3.186437286380228856e-02
2.599563999999999764e-01 -1.463162440156645649e-02 -3.459889936124416199e-02 2.930091991257002815e-02 1.711204437980549248e-02 -3.747660484142166775e-03
2.609485999999999750e-01 -3.308355157215834425e-02 4.422772360241216684e-04 -2.546156365704967464e-02 9.226998443363920374e-03 1.633483900051749260e-02
2.619407999999999737e-01 -8.048303697036603491e-03 1.715491401191573603e-02 -2.602649789939097055e-02 -4.404018310385977159e-02 -1.469514547483823617e-02
2.629329999999999723e-01 3.328269885226129831e-03 2.491843271585549024e-02 -3.337474642084535537e-02 -7.079786442546982805e-03 1.504009476008755057e-02
2.639251999999999709e-01 -1.885906687935546416e-02 8.630538383482232179e-03 2.409360481659440778e-02 -1.219416702150476726e-02 -3.981412065868758510e-03
2.649173999999999696e-01 -2.931077146540437151e-03 2.293092488778889805e-03 -4.580865069771748732e-02 -1.115528230295745153e-02 -2.089237058022732491e-02
2.659095999999999682e-01 1.786230471915875280e-03 1.828730963239192861e-02 6.455806781855128081e-03 -3.403487992531835371e-02 5.432795554630874026e-03
2.669017999999999669e-01 3.374453126590707536e-02 2.490443838021964146e-02 -2.108873879359204201e-02 -1.684515593191652366e-02 9.330548910022281629e-04
2.678939999999999655e-01 -2.892738218906712108e-02 -1.378197132151591509e-02 -2.504474539887830559e-02 -8.039067657634015387e-03 2.530875851506922750e-02
2.688861999999999641e-01 -2.638327733667196820e-02 -9.378322612361940152e-04 8.374694526356234875e-03 2.029877111497106409e-02 3.727329908594121527e-02
2.698783999999999628e-01 1.384470773679379410e-04 -6.915797027871763494e-03 5.472822331727238143e-03 -1.165220350096904042e-02 3.439500341554228846e-02
2.708705999999999614e-01 -4.043072915270176475e-03 -7.096857468482675214e-03 8.975733012385788204e-03 -1.299714852022718255e-02 4.834912239607826873e-03
2.718627999999999600e-01 1.079352593953365920e-02 -2.838742446907820474e-02 2.521163261268612524e-02 -9.574738953705173167e-03 1.809654415498351127e-02
2.728549999999999587e-01 -3.434250571614849007e-02 -7.326053981750366671e-04 -6.684754618554957959e-05 1.845145528141772101e-02 3.054627801452623054e-02
2.738471999999999573e-01 -1.556667527365652309e-02 8.459649270789739231e-03 -4.244522387034511263e-02 5.342346454799003566e-03 1.789701762096882278e-04
2.748393999999999560e-01 4.239347929097818379e-02 1.715042790167255193e-02 -2.183955726332878836e-02 -1.998987499689017233e-02 -2.644399673072520321e-04
2.758316000000000101e-01 2.836448337955587568e-02 2.498206192551683316e-02 5.770588775929367739e-03 2.648462148335712155e-02 3.456426094217477513e-02
2.768238000000000087e-01 3.810431482903837291e-02 -1.562228634962618302e-02 -6.395579014877675675e-03 -8.450909894040847586e-04 8.092425896125764184e-03
2.778160000000000074e-01 -1.157345167830762730e-02 -6.716705846448471108e-03 2.229594467716949913e-03 2.540777068795038035e-02 -3.475526361957367860e-02
2.788082000000000060e-01 1.942083806414130961e-02 8.698340426253980615e-03 -1.724967585514255129e-03 -1.860044318874140221e-02 3.031237438650756510e-02
2.798004000000000047e-01 -1.932038674037890591e-02 2.818989871722510018e-02 -1.009186520456165819e-03 -1.025872754829914094e-02 -2.720691068754787015e-02
2.807926000000000033e-01 1.812234431172280932e-02 -1.226498757008611003e-02 3.020680630545887618e-03 1.337846277278702777e-02 2.269572634727063179e-02
2.817848000000000019e-01 -1.036357137476747771e-02 -2.224458761867825068e-02 -1.245648063067994644e-02 1.034310290285842503e-02 -2.168592279169336695e-02
2.827770000000000006e-01 6.233312280236733526e-03 1.455612643837115965e-02 5.717156343169685351e-02 -4.295739327678411990e-02 -1.158928450988984046e-02
2.837691999999999992e-01 8.911670256962744494e-03 -5.017873861127995685e-04 8.933768470228219127e-03 -1.386449984303041692e-02 -1.592208415646647474e-02
2.847613999999999979e-01 6.841171362310635717e-02 -2.786039393330906264e-02 -2.280794849243308192e-02 9.616121353133305627e-03 2.360697165802139955e-03
2.857535999999999965e-01 4.379814786844037772e-02 1.959338632835645397e-02 2.497476850815253530e-02 -2.185262186988816760e-02 5.647136520302321709e-03
2.867457999999999951e-01 3.921185518442131535e-02 1.176055704298760007e-03 -1.376800877812741145e-02 1.146330791833493658e-02 1.630920545560753804e-02
2.877379999999999938e-01 3.917401639961633902e-02 -5.306882863084084329e-02 -3.571604034904529018e-02 -2.761049449714650383e-02 2.437709092686524137e-02
2.887301999999999924e-01 2.617175104624690565e-02 -2.321093188846419172e-02 -2.091755069648998724e-02 2.322343302493220726e-02 2.458309859569198647e-02
2.897223999999999910e-01 2.213010373247535634e-02 -2.717921570739093712e-02 1.496233799955631015e-02 -1.231304336157847644e-02 6.554580172427118545e-03
2.907145999999999897e-01 1.408444305426454109e-02 -2.558725973898825492e-04 1.477531838533602433e-02 3.767181342623458079e-02 7.409886331303137778e-03
2.917067999999999883e-01 8.550738230192785408e-03 -4.581868563455113522e-03 -5.212392947609877439e-03 7.669733101844588077e-03 9.075685739000971530e-03
2.926989999999999870e-01 -2.343937229431893553e-03 -8.978872915139570615e-03 -2.196120207970795463e-02 -3.846445752902998005e-02 -3.698768255005771555e-02
2.936911999999999856e-01 3.141775867696549457e-02 4.074991213581458799e-02 -2.146878031235635934e-02 -1.967559182981801907e-02 4.943889297032587338e-02
2.946833999999999842e-01 -3.567916048385360358e-03 1.039852670653140972e-02 8.985466635359396284e-03 2.361939256111374522e-02 -1.727058856293393245e-03
2.956755999999999829e-01 -4.968007630612272102e-02 2.344676166975684373e-02 2.513497611435206933e-02 -1.882241278031970486e-02 -1.342964975707744250e-02
2.966677999999999815e-01 -2.718413632217427794e-02 -4.650817400563879433e-02 -2.744279761308177079e-02 2.960363029712091872e-03 1.375982189554615480e-02
2.976599999999999802e-01 -1.011801851436072361e-02 -4.004671205079755707e-03 -2.410541333425282162e-03 2.925751840417462057e-03 -8.393678659098272390e-03
2.986521999999999788e-01 -6.524592509440506772e-04 8.042532176574442374e-03 -3.812279715737371816e-02 1.410629349185304332e-02 -1.247855133651080972e-02
2.996443999999999774e-01 -7.471627936500237384e-03 1.544262106040147735e-02 4.144818904682863979e-03 -3.839083274707435350e-02 6.688286518407102720e-03
3.006365999999999761e-01 2.099135998033420034e-02 4.485903584907285219e-02 4.324866343176663602e-02 -1.922102269022614440e-02 -8.819052094635630029e-03
3.016287999999999747e-01 3.527270811509875675e-02 3.524560250287233493e-02 -1.436220670252141493e-02 2.145362783495082665e-02 -2.653789318146012612e-04
3.026209999999999734e-01 1.305304307052317613e-02 9.550584433215700275e-03 9.688111820228360177e-03 5.536702562570264274e-02 3.072676165298733261e-02
3.036131999999999720e-01 2.502756228191686458e-02 -2.848074082114795350e-03 -1.578236056260245643e-02 7.331018247808885301e-03 -2.260788578588052503e-02
3.046053999999999706e-01 5.185849543147368762e-02 -1.002814196808843143e-02 2.171244196441315596e-03 -5.153025304990170585e-02 2.272064029908078472e-02
3.055975999999999693e-01 1.044316853541659568e-02 -6.023280385360966355e-02 3.502393633131694467e-02 -1.523636284006773221e-02 3.247642070246700187e-03
3.065897999999999679e-01 9.189435550769318312e-03 6.988468139814469314e-03 5.341892079991840403e-03 7.923617364135297422e-03 -5.451379243970331905e-03
3.075819999999999665e-01 -1.499163237890293633e-02 -2.263077957659560130e-02 1.245816142300025346e-02 -4.709159868596250048e-02 7.475630095063501811e-03
3.085741999999999652e-01 1.319480155870025352e-02 1.056875292067188665e-02 -1.782268547946560047e-02 3.712570936743824108e-03 1.693223995928566823e-03
3.095663999999999638e-01 3.588556706895542486e-02 5.534558664495158736e-03 2.443286211219467333e-02 1.684438944098980758e-03 1.178513430340320106e-02
3.105585999999999625e-01 -5.046488135106190140e-03 -9.860635654689996199e-03 -1.495002027826624648e-02 1.224935736772884282e-02 1.630279318350253163e-03
3.115507999999999611e-01 -1.999880206515771905e-02 2.798089388711845135e-02 2.474717718005568605e-03 7.774454804293013570e-04 8.644755884609920532e-03
3.125429999999999597e-01 1.896917826815302729e-02 1.394416352991856983e-02 -1.719266594446136262e-02 3.207281969521200149e-02 5.282919291187357369e-02
3.135351999999999584e-01 -4.585552547089564849e-04 1.491363982954759838e-02 4.454426317059619750e-02 4.094444260784388910e-03 -1.481962100727663920e-02
3.145273999999999570e-01 4.861201626604623460e-02 1.509739451114369344e-02 1.050817973812938171e-02 -3.040782626081620088e-02 3.551757988810449324e-02
3.155195999999999557e-01 -2.194858307782677348e-02 -7.367700904610241346e-03 3.409996636003559400e-02 2.315061592667468082e-02 -1.099201374172100766e-02
3.165117999999999543e-01 3.023976810924270189e-02 -6.111008426573420055e-03 1.405903658677624957e-02 -1.718413577801242501e-02 1.335099844317621728e-02
3.175040000000000084e-01 6.475200970176657293e-03 5.894555495680459806e-02 2.508740220532106394e-02 4.205219590292319509e-02 -6.758849935123601750e-03
3.184962000000000071e-01 -1.362590223071365181e-02 1.926452390406710458e-02 -6.460529146464278651e-03 -7.031467203569261720e-03 -7.018414529424940596e-02
3.194884000000000057e-01 5.264475353006559978e-03 9.466674075905855178e-04 3.665760108529269017e-03 -3.676751574280996693e-02 3.900949222508975911e-02
3.204806000000000044e-01 1.411867817065174356e-02 1.918432721643277333e-03 2.132950571739979789e-03 2.469126768204574218e-02 -7.087096675609870326e-03
3.214728000000000030e-01 2.819367576580825499e-02 -3.539925806824949228e-02 1.932936254595423939e-02 -1.978120232972854428e-02 -3.633675615185824864e-03
3.224650000000000016e-01 1.433336257712700297e-02 1.464928043114402563e-02 1.817290250606248131e-02 7.747528930574619152e-03 1.414926813420192692e-02
3.234572000000000003e-01 1.626754723531692245e-03 -2.379355111404759214e-03 2.995329506172300649e-02 5.062611631515279847e-02 3.379351508750900318e-02
3.244493999999999989e-01 7.159181440693497891e-03 -1.612095672091578766e-02 2.398557881094822916e-03 -9.653583914205584801e-03 -1.602036355259785910e-02
3.254415999999999976e-01 -1.544433796503959060e-02 -1.861627317987938745e-03 -1.409880232805294301e-02 -2.925161759682014251e-02 -8.194488558789512697e-03
3.264337999999999962e-01 -2.123299356230971130e-02 -4.530779926600041890e-03 1.084352802147950552e-02 1.500696486137202343e-02 -3.954771354339484818e-02
3.274259999999999948e-01 2.714635271836605968e-02 -3.548356802423077022e-02 -3.513250563775558583e-02 1.098962534276158587e-02 -2.823183648666004967e-03
3.284181999999999935e-01 1.179884408887487551e-02 2.512941525380176649e-02 -1.868811375687937440e-02 -2.249730174489535106e-02 -1.741882790538942447e-02
3.294103999999999921e-01 4.065185862429908370e-02 -6.750354704139516736e-03 3.347583927181441849e-02 -2.305936714104879492e-02 3.079767272660993357e-02
3.304025999999999907e-01 1.757754852291856795e-02 -3.819966743564786466e-02 7.130502008556901215e-03 8.917212245639606627e-03 -3.163299536515973981e-02
3.313947999999999894e-01 1.212938044109924257e-02 -3.165309544903322642e-02 -2.996627004045739409e-02 -3.446550481131905458e-02 -2.357395817976011554e-03
3.323869999999999880e-01 -2.016121831932796843e-02 -1.182322825815765310e-02 -8.484314179419357588e-03 -1.254217005105896093e-02 -3.248998840591361265e-02
3.333791999999999867e-01 4.170181479541455044e-02 3.649770357851208832e-03 1.668138238900583603e-02 2.150466617663952112e-02 3.085814151693857393e-02
3.343713999999999853e-01 7.563597286570011846e-02 -1.158670039499706339e-03 2.521340378506706399e-03 1.810412652435707329e-02 -6.474728284256817123e-02
3.353635999999999839e-01 4.856633470627082227e-02 -4.045778765186270470e-02 6.106966596810871686e-03 2.690448665934141309e-02 -2.851237976256879025e-02
3.363557999999999826e-01 7.077369761197367659e-02 -3.098253565082011510e-02 1.014389867879679497e-02 2.189334932260175379e-02 1.732469801109941124e-03
3.373479999999999812e-01 1.412975645074156759e-03 9.983186400993864645e-03 3.756377433053115916e-02 4.435159841671278136e-02 -1.446411803100142255e-03
3.383401999999999799e-01 1.928345636407130526e-02 -2.324298932699117928e-02 3.406998134864337637e-03 -1.521173222681792593e-02 -8.185494003685882952e-03
3.393323999999999785e-01 2.786839151645132198e-02 -3.204717641971322611e-02 -1.759098388384590372e-02 -2.336626233277428605e-02 1.153790120985980980e-02
3.403245999999999771e-01 1.903563797787490020e-02 6.341950232626656064e-04 2.095550335897236605e-02 -2.331068604540946151e-02 1.103047060082553571e-02
3.413167999999999758e-01 5.581391666461597845e-02 -1.638054427707449912e-02 -3.048413219724236886e-03 -9.444844011380357576e-03 -2.500026710437403335e-02
3.423089999999999744e-01 5.199667066178156188e-02 2.208315730308614555e-02 -2.487081164316072221e-02 -3.209804924672672588e-02 -8.108856670503251235e-03
3.433011999999999730e-01 3.035676313608053067e-02 -2.941583355664367447e-02 -3.721977003039427662e-02 -5.880213859505567867e-03 -1.274150398416591667e-02
3.442933999999999717e-01 5.764618559485769345e-02 -1.965414784922750457e-02 -2.476027299543854393e-02 -1.556667961663406839e-02 -2.020562058888199577e-02
3.452855999999999703e-01 1.364497763766757930e-02 4.315124297295970870e-03 -9.895389536030170866e-03 1.893574262384122714e-02 6.504438018631867506e-04
3.462777999999999690e-01 -1.104117959719761767e-02 3.213907212908346384e-02 -7.208538802524679968e-03 1.976273107069421325e-04 1.197290283581784300e-03
3.472699999999999676e-01 3.922035407622619790e-02 -1.621333080456173123e-02 5.149649510708323571e-04 -5.513129990938221703e-02 1.363821762794515356e-02
3.482621999999999662e-01 -1.012513160595773375e-04 2.758181010837250976e-03 -2.273099330450984931e-02 -1.142372443265108305e-02 -2.756316526773538306e-02
3.492543999999999649e-01 8.350424032854054934e-03 -2.481673596149069558e-02 3.317550654582113873e-02 4.480484552549928736e-04 -3.073646532697727266e-02
3.502465999999999635e-01 -1.368971424207689365e-02 9.360676700861467886e-03 -2.667532098183174674e-02 -5.860124899788913926e-03 -5.947538896258167812e-02
3.512387999999999622e-01 -3.152768059563416242e-02 1.204654708166696606e-03 3.915168864468896587e-02 2.043274568717151282e-02 1.210790258539534182e-02
3.522309999999999608e-01 -7.151855698543948744e-03 -2.715293017715338791e-02 -2.069639786396077971e-02 4.173919585397897064e-02 -1.096776808632129400e-03
3.532231999999999594e-01 1.871412600218546468e-02 2.455177431695299093e-03 1.459772798706129252e-03 2.448870447375753757e-03 1.595638048297533598e-02
3.542153999999999581e-01 -6.778722225514235804e-03 1.264633909857853199e-02 -4.876433459929397501e-02 2.360223409619877435e-02 1.561587780168041846e-02
3.552075999999999567e-01 5.519997339731164826e-02 -1.442404948844616328e-02 -4.419508029902122909e-02 2.113111583034347346e-02 5.163445084557337708e-03
3.561997999999999553e-01 7.776265484140294781e-04 -1.805261693671169178e-03 3.364992321653271969e-03 3.054903664360125379e-02 7.412569287007618121e-03
3.571919999999999540e-01 1.451568003434132621e-02 -5.675311506387631204e-03 2.664813690400758342e-02 -4.171781707853666754e-02 -2.892536731173363240e-02
3.581841999999999526e-01 -3.114936051095107319e-03 -4.216508969041959237e-02 4.324204242533911252e-02 5.206939241894394978e-03 1.013201702325970850e-02
3.591763999999999513e-01 2.959342472811066910e-02 -1.198642143532430322e-02 2.864650119927056315e-02 -4.205337376978165315e-02 -3.542599906631495321e-02
3.601686000000000054e-01 -9.783525238865808590e-03 -7.147086103461475041e-03 -3.802990325977528147e-02 -5.176468307176559404e-03 -1.699650557996256958e-02
3.611608000000000041e-01 4.934637419176809287e-02 -1.822435876045240197e-02 -1.474608958904951792e-02 -1.117270461925772528e-02 5.766586242509409856e-05
3.621530000000000027e-01 8.751547621987107797e-03 8.028118743560323442e-03 -1.122749811836776940e-02 -8.808788737720502429e-03 -1.516341463244958061e-02
3.631452000000000013e-01 2.506483156234114162e-02 -1.518191663042033415e-02 -7.182590428338956300e-03 -2.592455517720934285e-02 6.097205024157812542e-03
3.641374000000000000e-01 2.200294758114321528e-02 1.264074124478172662e-02 1.752877214052463162e-02 -2.125904354678615632e-02 6.812090120666019523e-03
3.651295999999999986e-01 3.858734639474912381e-02 -5.759323674003874851e-04 3.134327695345425630e-02 -1.651660958112421279e-02 -4.929265441752246277e-03
3.661217999999999972e-01 2.753238277717975566e-02 2.089451507794046897e-02 5.199190158679836650e-04 -6.539060203351063170e-04 -4.635510072852990632e-02
3.671139999999999959e-01 2.575879423381665159e-02 1.495857020564963190e-02 -1.948115655398677606e-02 -1.247595304422077951e-02 2.853296107543133731e-02
3.681061999999999945e-01 -2.065625721428714784e-02 -1.245911629308198328e-02 1.605162254876051769e-02 1.512031155059475641e-02 2.075617136310487637e-02
3.690983999999999932e-01 4.829315246426880287e-02 -1.696644722607253825e-02 2.242755854008548003e-02 3.029297585888399494e-02 1.678142837933350659e-02
3.700905999999999918e-01 4.293025764011030448e-02 2.634323191982382642e-02 -2.469918634776617841e-02 -3.881268134379656232e-02 4.346149521469631904e-02
3.710827999999999904e-01 8.710766650700739813e-03 4.139091636260644469e-02 -5.003289327315672830e-02 2.260235774595898209e-02 1.473080392992803323e-03
3.720749999999999891e-01 1.337449008743822436e-02 -2.991483697019113250e-02 1.119896271987582369e-02 -2.111838898428029451e-02 -3.008052115263467816e-02
3.730671999999999877e-01 3.802126728590084909e-02 2.509868440409361925e-02 1.216587961377955766e-02 -1.131244431170116450e-02 -1.690664871968703548e-02
3.740593999999999864e-01 1.890942479779713845e-02 -3.100257327045632255e-03 2.417893697927700480e-02 -9.711458054423686981e-03 -3.390054590830519909e-02
3.750515999999999850e-01 -5.891614710965866787e-03 -5.678471640517625089e-03 1.462670954858238601e-02 -1.922913656801435514e-02 3.699026729766808404e-03
3.760437999999999836e-01 1.259170715015134334e-02 -1.175312264636698897e-02 1.153706215830260610e-02 -3.541763315132565038e-02 1.234411880836321779e-02
3.770359999999999823e-01 4.861864744476063205e-02 -3.840124987296419847e-03 7.306782723194323037e-02 -1.249804632006286040e-02 3.514286361565514827e-02
3.780281999999999809e-01 -1.716079941886526627e-02 8.069397737040578597e-03 -1.447770257494280545e-02 9.897787889015627512e-04 -1.169281886456238068e-02
3.790203999999999795e-01 3.857732082200603790e-02 -1.286838257328335724e-03 1.331586793735978040e-02 3.855528747156719560e-02 7.543771216867351014e-04
3.800125999999999782e-01 2.522599373143522700e-02 -2.198908641849695728e-02 1.849288803888214996e-02 2.804251661255776837e-02 -1.243563966371071840e-02
3.810047999999999768e-01 4.898628650469668937e-03 -1.521667379688956649e-02 -3.411037993154929227e-02 2.826530809359347959e-02 3.211919911000244571e-02
3.819969999999999755e-01 5.162821627110211579e-03 -3.434792863022311654e-02 -2.900755851135427416e-02 -5.940190923662971335e-03 1.755498027333096678e-02
3.829891999999999741e-01 1.260704027402436388e-02 1.773885083145041244e-02 3.971088087145046609e-03 -9.624524979275722548e-04 3.476536596037447385e-03
3.839813999999999727e-01 8.514244405011481276e-02 -5.387845996481818549e-03 -2.684066016661201468e-02 8.539535071515651915e-03 5.256031165848607661e-02
3.849735999999999714e-01 3.379531711836254726e-02 2.564780135114994031e-02 1.930657281218635521e-03 -1.740940362292511161e-03 6.355296248929355463e-02
3.859657999999999700e-01 1.502807689280265258e-02 1.743602073919725548e-02 2.469119035362124862e-02 -3.310705634745008535e-02 -3.794706181749176593e-02
3.869579999999999687e-01 4.739858600115064158e-02 2.228328656282938317e-02 5.226166716372231472e-03 1.987139884352903327e-02 2.723057665533278743e-02
3.879501999999999673e-01 2.389097171211910023e-02 6.722379103874181507e-03 -1.889666083574022618e-02 -2.859258644272448871e-02 1.113238222692093833e-02
3.889423999999999659e-01 3.810996177209020896e-02 -2.346643700087516077e-02 5.796107380066730513e-02 -2.560648635480838528e-02 7.275153101693004887e-02
3.899345999999999646e-01 1.589014794398883532e-02 1.113807695519779262e-02 2.121644169948859807e-02 2.737219452864226785e-02 4.581731258984849536e-02
3.909267999999999632e-01 2.672320916954027889e-02 4.926218667365844447e-03 3.210697671533582764e-02 5.321181574869535353e-04 2.308889266690123537e-02
3.919189999999999618e-01 1.595064015408387617e-02 -2.775877598142157537e-02 1.752764376413341874e-02 2.797827283090629363e-02 3.610547061700534327e-02
3.929111999999999605e-01 -1.886562512049649518e-02 4.776990075598832805e-03 4.254375522677795313e-02 4.223656331440857337e-02 7.312673546376656161e-03
3.939033999999999591e-01 1.696064644145605163e-02 -3.931308761408932109e-03 -3.379391477101172103e-02 1.033717641643714866e-02 -3.445747457259258108e-03
3.948955999999999578e-01 1.316530581965657393e-02 2.261089386169606169e-02 1.173400394918868231e-02 -1.611786383996122174e-02 -2.956895611772300189e-02
3.958877999999999564e-01 3.754570398690476596e-02 -5.288637094253827164e-02 -4.872399021096597907e-03 1.178935097375274563e-02 1.992084976460971671e-02
3.968799999999999550e-01 3.530874774711913189e-02 4.715340604437398553e-02 2.347746815259913616e-04 -3.547254889140910323e-03 -2.439718588263832880e-02
3.978721999999999537e-01 3.693267794172309937e-02 6.078084844283673099e-02 -3.222379524595864880e-02 1.692310993879162645e-02 -7.901426434333213081e-03
3.988643999999999523e-01 6.314255878066539485e-02 4.122834613975050189e-03 1.946583746205110543e-02 2.681277463164781841e-02 2.323182921221396760e-02
3.998565999999999510e-01 3.760777660557271945e-02 -2.277929345630201260e-02 2.029136643599998083e-02 2.727188707704764764e-02 2.711259847373404669e-02
4.008487999999999496e-01 2.230041378379481534e-02 -1.742818418629173138e-02 -1.873149311949197761e-03 2.297755302468277791e-02 2.290681257285413427e-02
4.018409999999999482e-01 9.634798028943430959e-03 -1.999729692859500418e-02 2.359624276668211354e-02 -4.234854159260709183e-02 -3.456650781816010716e-03
4.028332000000000024e-01 2.135189167443972066e-02 -3.085942179227814820e-03 -4.953864824254545357e-03 1.377642079010701036e-02 1.473876975430789965e-02
4.038254000000000010e-01 3.943580799437464146e-02 -1.714278310715709741e-02 -7.508062379686200258e-03 7.412813442450413848e-03 2.080420548250793561e-02
4.048175999999999997e-01 6.046030500206909727e-03 4.906795298115065873e-03 3.837430370801090101e-03 -3.981749249677041941e-02 5.844098707786144625e-03
4.058097999999999983e-01 -8.176191093163115431e-03 -4.668277798296397579e-02 2.217050323610106691e-02 1.193801268863520573e-02 -2.456166193889348578e-02
4.068019999999999969e-01 5.427118484937013682e-02 -3.155417121942792613e-02 -2.238162871430248932e-02 -8.992732844834760986e-03 8.514803192558375103e-03
4.077941999999999956e-01 -3.072744290866619155e-02 -6.555159968891041038e-04 4.779322260673905809e-02 3.123150593165630647e-03 1.058862375474385565e-04
4.087863999999999942e-01 -2.483332621416992417e-02 -4.382441221273328247e-02 1.909448617921223265e-02 4.412879522927159342e-04 4.135082370313371281e-02
4.097785999999999929e-01 1.025247677084535451e-02 -2.655422209897325206e-02 3.562566030208295237e-02 5.963819458305660327e-03 -1.477033263810855618e-02
4.107707999999999915e-01 1.262530926575231374e-02 -1.492086863120720489e-02 -1.395951392257639007e-02 1.455362160478263465e-02 -9.188104523394207204e-03
4.117629999999999901e-01 3.010259008208439509e-03 -8.353528399781706693e-03 -2.357400326947541036e-02 4.281829402004378587e-03 2.914661138316389927e-02
4.127551999999999888e-01 -5.859542366487073030e-03 -3.104228575994970318e-02 6.857619863085012875e-03 4.170188991566874115e-02 -6.514087557633681420e-03
4.137473999999999874e-01 1.202428901734250988e-02 -4.930676584773769494e-02 6.935857256635562761e-03 4.594453084366317830e-03 -1.184845015071663704e-02
4.147395999999999860e-01 3.918756802191040306e-02 -5.561415678837475923e-03 7.615429302646461659e-03 5.340328003868908104e-04 -4.168630320696036645e-02
4.157317999999999847e-01 4.190054400946108953e-02 3.846992987958803428e-02 2.009127223379405386e-02 1.801964071094694364e-02 -4.644089085152032677e-03
4.167239999999999833e-01 2.266899506098261213e-02 -3.199165176758759013e-03 -7.478985201223553071e-03 3.841931995227806929e-02 -2.404926996916292858e-02
4.177161999999999820e-01 -1.986197498121155397e-02 6.509681440143817895e-03 2.107616955162052233e-02 -1.110912036806098457e-02 1.210422118568452859e-02
4.187083999999999806e-01 1.156972225538789589e-02 -1.539302745280666206e-02 2.949572398570191045e-02 -2.805027252169069174e-02 -2.209746001845565565e-05
4.197005999999999792e-01 -2.852282367329318086e-02 3.206526336848603692e-02 1.860590271071965382e-02 -1.071683651277407189e-02 -1.869890930234596044e-02
4.206927999999999779e-01 2.946061022116441136e-02 -2.301912780917536594e-02 6.514062472450694169e-03 3.629104686888607462e-02 -2.519646142816057543e-03
4.216849999999999765e-01 4.741498158571498533e-02 4.120961369726158785e-02 -4.397204851238147721e-02 1.659023123464293398e-02 4.521391973830975533e-03
4.226771999999999752e-01 1.694081436675839297e-02 2.408876636553474240e-02 -1.439836525752304650e-03 -1.062498099826132518e-02 5.012011242605642417e-03
4.236693999999999738e-01 2.764835011549754765e-02 3.065965972963472300e-02 -1.811458245927471608e-02 7.860031141099177443e-03 -2.280292511381764101e-02
4.246615999999999724e-01 2.040684212850313317e-02 2.352957431918299008e-02 -4.659326518036605025e-03 5.111273693786225203e-02 -8.644248511181831449e-03
4.256537999999999711e-01 -1.819536769785813288e-02 1.197523736459491124e-02 -1.366979850305474579e-02 -2.763048067782608586e-02 3.333571350693716878e-02
4.266459999999999697e-01 -6.628065271517542822e-02 -1.213868718730884248e-02 1.488883847442368409e-02 -2.816112597318243954e-02 3.681984242915672945e-02
4.276381999999999683e-01 -1.926429546299662093e-03 3.097054936329201452e-02 -2.214782370354407420e-02 6.734705547989593491e-03 1.555628204781447400e-02
4.286303999999999670e-01 1.806221707684203814e-02 -2.704041577725026235e-02 -8.240527290102951305e-03 7.201568533964268840e-03 4.370805631899308402e-02
4.296225999999999656e-01 2.795872333106225530e-02 4.754092872251441948e-02 -2.491460362100425194e-02 -1.226370097645424579e-03 -2.357419908875989581e-02
4.306147999999999643e-01 3.555255645145830729e-02 -1.446665923335142649e-02 -1.701791017054052335e-02 4.762711162081777888e-02 9.188144358803884693e-03
4.316069999999999629e-01 7.139296527291835726e-02 2.414868511016254882e-02 3.648945150956462574e-02 9.447011034828482062e-03 -6.656495105292368694e-03
4.325991999999999615e-01 8.473130540051278595e-03 5.173415840417839272e-03 2.575212911652519435e-02 -1.684758918230395280e-02 -1.303836730389134821e-02
4.335913999999999602e-01 4.823147013295996099e-03 -3.382594456349301282e-03 1.959849965660763124e-02 -9.664272403290386339e-04 -3.163408152844023394e-03
4.345835999999999588e-01 3.206201210808871938e-02 -3.588722998344512881e-03 -5.566037152046864056e-03 4.735259787352334715e-02 -2.345628785021832557e-02
4.355757999999999575e-01 6.634637336279859687e-02 2.271498261054551941e-03 2.021615267628017187e-02 -5.091230918362869666e-03 1.035978374315550329e-02
4.365679999999999561e-01 -9.777486174957401594e-04 2.675883270868150213e-02 6.924295765635097438e-03 2.214045494100634962e-02 -1.227848092513111194e-02
4.375601999999999547e-01 3.987810040954512664e-02 2.712448507794754105e-02 2.752246346454088888e-02 -8.218472627339473008e-03 -1.202735658369005756e-02
4.385523999999999534e-01 -1.464402620215872301e-02 1.136108785903242567e-02 4.023096773519204555e-02 1.356927632690578013e-02 -1.638635078037215670e-02
4.395445999999999520e-01 6.780595158860851235e-02 3.963227430839997428e-02 3.768533766500588300e-02 4.034228594260074602e-02 -3.821604376229566918e-02
4.405367999999999506e-01 3.631572566404157182e-02 2.301264871927254790e-02 2.977247991480191057e-03 8.449515437287936220e-03 2.908831410795217204e-02
4.415289999999999493e-01 1.207355593260940087e-02 2.459233157286802238e-02 -3.654070874166968214e-02 -4.961640432588871642e-03 6.045725173987303788e-03
4.425211999999999479e-01 3.294806853532806362e-02 -3.727659375973134404e-02 -4.894384022817669516e-03 5.937735665236082774e-03 -4.482177198191091699e-02
4.435133999999999466e-01 6.547509981494660514e-02 -2.285020304990661652e-02 4.659086607898254954e-03 -6.399685058464141089e-03 1.763176318548610386e-02
4.445055999999999452e-01 3.832003658619070191e-02 -1.714360738811248350e-03 2.533498766912984160e-02 1.822793928986335410e-02 1.836976067690343495e-02
4.454977999999999994e-01 4.002405480437245394e-02 8.002369697040561183e-03 -2.132284200578792727e-02 -3.222513193283965682e-02 -2.076984343778309414e-02
4.464899999999999980e-01 1.825957694290165955e-03 3.016450712961140593e-03 -1.394812581513288352e-02 1.311007178952570615e-02 -8.869229536903514011e-03
4.474821999999999966e-01 6.781803369013406947e-03 -1.360346548286539385e-02 -2.288096425895766450e-02 -1.755684755389502402e-02 3.288007058997569065e-02
4.484743999999999953e-01 3.219758815145631198e-02 -1.366450045485960614e-02 1.568237220337537555e-02 6.458754257153639239e-03 -6.502779236687457158e-03
4.494665999999999939e-01 3.769615423867896803e-02 1.925036054952360132e-02 2.313332422112850117e-02 1.337201507384999308e-02 -9.889650421512314465e-03
4.504587999999999925e-01 3.282943656531710913e-02 -4.078875723935759465e-03 2.532381959768881252e-02 2.818525281099638902e-02 6.946613585997420647e-03
4.514509999999999912e-01 -1.756488266644840382e-02 -4.353500485663763277e-03 -2.253849171648672142e-02 1.132320849489943347e-02 -2.014157703181555792e-02
4.524431999999999898e-01 5.338047987190441129e-02 -9.624478775625227786e-03 -1.634441754766592257e-03 -9.680732776520619559e-03 -2.091360744166677072e-03
4.534353999999999885e-01 8.679352486393090982e-02 -1.318233580688915954e-02 7.170042779268764703e-03 2.461457696747749307e-02 -1.558962542325283140e-02
4.544275999999999871e-01 3.280771053033103984e-02 -2.858922374764645558e-02 -3.941598489356848423e-02 -2.308077289310575542e-02 1.814151775805453474e-03
4.554197999999999857e-01 2.807688957920966705e-02 -8.020388880615557728e-03 2.199916933489868762e-02 2.947007837170093070e-02 4.090761808865722715e-03
4.564119999999999844e-01 -1.195338613759906396e-02 -1.971546817276803934e-02 2.531802569643919198e-02 3.356146843514843650e-04 3.775586641623163847e-02
4.574041999999999830e-01 1.285621225295666657e-02 7.849683892379643799e-03 5.216210693080336469e-02 -4.183874197650350180e-02 8.782531662526075556e-04
4.583963999999999817e-01 -7.254989053971221472e-03 2.150964262219274507e-03 -3.895297795951404435e-03 -3.684169360895069023e-02 -7.685240368429948309e-03
4.593885999999999803e-01 -1.449296394759892227e-02 -1.082896205109586812e-02 -5.012837617827045758e-05 -1.243834604664558786e-02 1.667771999898680357e-02
4.603807999999999789e-01 -2.085016439662959117e-02 2.958695002443340397e-02 2.739627521858097395e-02 -5.446274593329847140e-03 1.515288185712593619e-02
4.613729999999999776e-01 1.087223330850709338e-02 -1.239216034326581740e-03 2.529718927432879436e-03 -4.723873523144797582e-02 6.589597859111348890e-03
4.623651999999999762e-01 -3.370022187625618115e-02 9.338329552002956613e-03 1.276441189406305431e-02 -1.509857414834978734e-03 -2.697298432487880288e-02
4.633573999999999748e-01 -1.437689588621259354e-02 2.662668771062609921e-02 -2.608346363359152417e-02 -2.842182006868151228e-02 2.392806247900327796e-02
4.643495999999999735e-01 8.809326245105865427e-03 -4.838988579966788800e-02 1.211316800187123635e-02 1.124865607444774408e-02 -1.382563264817120337e-03
4.653417999999999721e-01 -9.473348909324727854e-03 -1.732344468368768667e-02 -1.028317490537054282e-03 -1.980593549413298474e-02 -2.887820483304469332e-02
4.663339999999999708e-01 -6.275962018425886198e-03 1.167355468631212957e-02 2.141442241428535929e-03 1.071775087022587992e-03 1.563332957013613758e-02
4.673261999999999694e-01 3.791789765245116156e-02 2.667868643222966879e-02 1.575987790369218905e-02 1.182419705718201763e-02 -3.265613325682350382e-02
4.683183999999999680e-01 2.099044019852622234e-02 2.319370217669723330e-02 2.073419677522140431e-02 -9.872382443890279427e-03 6.678450467503683173e-03
4.693105999999999667e-01 -2.677009406895654309e-02 -1.870081321825954948e-02 -1.961940113013225379e-02 6.117711899464987890e-02 -2.284090833678815297e-02
4.703027999999999653e-01 3.872448472640095587e-03 -3.360936672023227823e-02 -1.366800917401137135e-02 2.260360901123985994e-02 -5.171366142420591450e-02
4.712949999999999640e-01 1.784543460686691119e-02 4.599678504556538317e-03 -5.386020918975666441e-03 2.364162973163193206e-03 -1.431945875320073981e-02
4.722871999999999626e-01 -9.586712339835729707e-03 -1.130835313950184079e-02 -1.258958256845085083e-02 3.728340140075209891e-02 7.944897354557002925e-03
4.732793999999999612e-01 1.502615789510144441e-02 2.497442554829287439e-02 5.402857911475249242e-02 2.620876244908898565e-03 6.906392758605235833e-03
4.742715999999999599e-01 2.066451506049882605e-02 1.141217423234052331e-03 1.555254384433739714e-02 6.930501775823215936e-03 1.226030072777839659e-02
4.752637999999999585e-01 3.158911999032728429e-02 -1.376770738714916745e-02 3.218029002076065043e-02 7.787928946568192269e-03 -4.152302496754993119e-03
4.762559999999999572e-01 1.825223258066632076e-02 -3.224696263756993142e-02 1.347487843401161053e-02 2.905311549059103049e-02 -5.576473200031425298e-02
4.772481999999999558e-01 1.101447503138403700e-02 1.453365047099353970e-02 1.610313346195769903e-03 -1.144196456812302323e-02 -8.252280325903032718e-03
4.782403999999999544e-01 2.648032128773510074e-02 -5.659250684514789687e-03 1.929124526121200542e-02 -1.173541471081831523e-02 -2.007920753265369194e-03
4.792325999999999531e-01 2.256348013538555380e-02 -1.842676678457410427e-02 2.178613293950634397e-02 -5.814200861238458425e-03 -1.670613326448667406e-03
4.802247999999999517e-01 3.498016998547587297e-02 5.299037972517890022e-02 -1.398655768237824781e-02 3.010660419908008784e-02 -2.949433912872424443e-02
4.812169999999999503e-01 -3.359406235754341941e-02 -2.139882715256967785e-02 -4.442218117032688957e-02 1.040222803596099754e-02 -7.530555331047739543e-04
4.822091999999999490e-01 -1.155350957032580568e-02 2.302898945717472834e-02 4.911818674489754934e-03 3.312731196208078266e-02 -1.166414119503535185e-02
4.832013999999999476e-01 3.278633269723793542e-02 1.833029525078296376e-02 3.402239509909523590e-02 -1.197442711780061404e-02 3.382994925260088964e-02
4.841935999999999463e-01 3.673177239159326063e-02 -4.357979036715871335e-04 2.704440705437111472e-02 -1.533680577725478160e-02 4.064216157611674762e-02
4.851857999999999449e-01 2.420708138042428417e-02 2.949831125533536672e-02 4.555475814116403260e-02 3.140548502794545532e-02 4.227518831605427824e-02
4.861779999999999435e-01 2.740699841248983235e-02 1.922966207599108995e-02 -8.491110648740538350e-03 4.254586310941897709e-02 5.353889011308386042e-02
4.871701999999999977e-01 4.382428798691686417e-02 2.817021286781418860e-02 -2.734981653349771030e-02 6.649740910229478934e-03 4.699821860657157208e-02
4.881623999999999963e-01 3.062143834774920872e-02 -1.059192791601427930e-02 1.040938977660595469e-02 2.124313390834542750e-02 1.156478767471448739e-02
4.891545999999999950e-01 6.364603825565137707e-02 3.198384759143244743e-02 1.869460092132079615e-02 7.752185271724720828e-03 2.671338053082345301e-02
4.901467999999999936e-01 3.898770090784129533e-02 2.433071714434176941e-03 5.081610558856414911e-02 2.087889700333872816e-03 1.233585683596470813e-03
4.911389999999999922e-01 1.314044842366701238e-03 4.936654862860301307e-02 1.060226347622163050e-02 7.396769447036064503e-03 1.490440138022592481e-03
4.921311999999999909e-01 3.061146362259934209e-02 2.389800376187281496e-03 -3.369753690169787711e-03 5.529516549516906576e-02 6.117868135441338097e-03
4.931233999999999895e-01 3.720123696515946488e-02 3.561262182716062180e-02 2.048129913775784128e-02 8.729631107549574998e-03 -6.898904100574726472e-03
4.941155999999999882e-01 -9.218586836158860001e-03 3.269905780974387971e-02 1.064486601732831175e-02 -2.601928746117154051e-02 -3.213774599016677030e-02
4.951077999999999868e-01 2.516406686216731206e-02 4.306928223526431537e-02 5.201789348176376337e-02 -1.371790731729743322e-03 2.574768506832386672e-02
4.960999999999999854e-01 4.605760468597638879e-02 1.580164386163571827e-02 2.251010855113238368e-03 7.314085161406744424e-03 7.712321445227117607e-03
4.970921999999999841e-01 3.136181264920970962e-02 5.602771122340016036e-03 -1.390289118486993589e-02 1.085842294319627928e-02 9.273696542151183215e-04
4.980843999999999827e-01 -2.719534729568941558e-02 1.640157206317628333e-02 6.941648093181277714e-03 3.804002156883479202e-02 -2.625542107721963100e-02
4.990765999999999813e-01 3.925468691617628458e-02 -3.153962442513448365e-03 4.854253669888750067e-02 1.226823627478878034e-02 5.445958190873523980e-02
5.000687999999999800e-01 -1.238912478046375054e-02 9.787707500603174890e-03 8.699590338933195846e-03 3.783892629516953654e-02 3.836626376961398133e-02
5.010609999999999786e-01 5.189354302407225839e-02 5.794208353136954398e-02 2.157364496881297375e-02 4.307228886230627524e-02 1.069713920687942292e-02
5.020531999999999773e-01 1.356351776803152720e-01 9.574106915447121169e-02 1.032608346086822532e-01 7.670267096340502300e-02 1.173192308828030911e-01
5.030453999999999759e-01 1.904302335665518375e-01 1.348267698142749105e-01 1.183927215770941566e-01 1.365822762888956321e-01 7.775093799506814507e-02
5.040375999999999745e-01 1.482093405482765580e-01 1.276998421541752360e-01 1.303662970316080416e-01 1.314558553587195644e-01 9.338929578609936333e-02
5.050297999999999732e-01 1.411743534126087274e-01 1.141441077285132444e-01 1.591868554441156214e-01 1.140490111002180340e-01 7.616197413520495174e-02
5.060219999999999718e-01 1.723098893062854908e-01 1.354456304824230850e-01 1.179882017326288057e-01 1.378578153230712311e-01 1.033768332347139579e-01
5.070141999999999705e-01 1.392398528505672251e-01 1.739624921421455694e-01 1.601215747114458354e-01 1.279723707212611916e-01 7.149657619995360147e-02
5.080063999999999691e-01 1.549853845373928285e-01 1.135475819464268205e-01 1.290752707581767356e-01 2.183283323537257570e-01 1.074551207264712593e-01
5.089985999999999677e-01 1.685616554940956580e-01 1.232777834316382409e-01 1.272857503552159153e-01 1.845725837070584241e-01 1.451956377507385987e-01
5.099907999999999664e-01 1.668148677131117141e-01 1.421517084044317258e-01 1.239166506175007482e-01 1.708494027317286057e-01 1.406778289761779210e-01
5.109829999999999650e-01 1.827647028339081658e-01 1.256659904417384011e-01 9.339493293076656100e-02 1.341751740988980923e-01 6.961264855187156153e-02
5.119751999999999637e-01 1.960027436447648042e-01 1.412543319075987014e-01 1.075504253757363637e-01 1.338836462998050925e-01 1.131021335552745838e-01
5.129673999999999623e-01 1.527592102187366185e-01 1.477706063839940853e-01 1.534476878780788311e-01 9.782188480940851028e-02 8.413366616452447322e-02
5.139595999999999609e-01 1.605725846085933883e-01 1.712176863333385313e-01 1.057001113238575929e-01 1.286179772816122280e-01 1.235763783619619888e-01
5.149517999999999596e-01 1.568588832446143055e-01 1.695190027170056235e-01 1.204579321876770998e-01 1.057581330470176023e-01 9.646928082404190863e-02
5.159439999999999582e-01 1.211395816155608762e-01 1.241707227581425738e-01 1.334108162183445245e-01 1.188227601258651928e-01 7.527170165393612389e-02
5.169361999999999568e-01 1.292917021340427852e-01 1.317584796329949182e-01 1.380144816337162406e-01 9.250765511985412082e-02 7.091405341133762141e-02
5.179283999999999555e-01 1.461914554835400948e-01 1.350598915706623937e-01 1.271225237755408688e-01 1.223071369949076254e-01 9.554181044112990129e-02
5.189205999999999541e-01 1.093853992820157245e-01 1.296453620216994895e-01 1.372173490298651544e-01 1.388267874512275346e-01 1.127212461300244190e-01
5.199127999999999528e-01 1.196396428069295692e-01 9.158106086021848558e-02 1.409183507291220661e-01 1.147369375231064720e-01 4.164652100744258012e-02
5.209049999999999514e-01 1.429141067841448454e-01 1.164579927578430485e-01 9.918364092369823248e-02 1.128323980914433117e-01 1.116170417063039738e-01
5.218971999999999500e-01 1.526263978227826168e-01 1.417641702107729218e-01 1.265049578330891822e-01 7.024003163350034384e-02 6.256401434863136102e-02
5.228893999999999487e-01 1.828188087644269100e-01 1.364205782868235795e-01 9.281806444076746987e-02 1.276013328759980081e-01 7.253723396415735769e-02
5.238815999999999473e-01 1.551654813527719168e-01 1.418652533873591415e-01 1.272864745704874734e-01 1.006692210838982804e-01 7.117459481269600152e-02
5.248737999999999460e-01 1.391079136973621122e-01 1.013689974918041831e-01 8.585000290648757415e-02 1.095121863128006440e-01 6.373888274960107236e-02
5.258659999999999446e-01 1.296959120075412975e-01 8.673607731302104829e-02 1.166327878647389488e-01 8.273252308211059836e-02 4.059398348032165066e-02
5.268581999999999432e-01 1.696549959996579982e-01 9.060816714978073283e-02 7.105726386387550830e-02 7.353337669393505971e-02 9.243107792916832599e-02
5.278503999999999419e-01 1.620062408235891371e-01 1.198452263011192120e-01 1.134261127641002648e-01 8.283671884126983520e-02 4.053936108909948766e-02
5.288425999999999405e-01 1.192944670079907621e-01 1.204308758657355594e-01 6.032596927960397898e-02 1.345973924543463207e-01 6.249712844154873409e-02
5.298347999999999391e-01 1.154426348871180619e-01 8.500444036368175194e-02 6.530457039293313670e-02 9.330545265801312715e-02 7.190378438104184922e-02
5.308269999999999378e-01 1.148460276830492177e-01 1.071683609875169890e-01 6.960609031609790720e-02 8.855872625688529509e-02 9.718243160324654961e-02
5.318191999999999364e-01 1.255755939314031344e-01 9.889326049964577980e-02 1.019703568865368559e-01 9.026121515747814739e-02 1.017307603777331260e-01
5.328113999999999351e-01 1.620102055250573769e-01 7.482629644141815251e-02 1.167300532577087296e-01 1.308142688872863113e-01 8.862527583635418371e-02
5.338035999999999337e-01 1.305540190173768711e-01 1.094953747131763577e-01 6.136906899779223656e-02 9.804251340355647770e-02 7.446660515549370640e-02
5.347957999999999323e-01 1.318562262590163570e-01 9.636062461631021703e-02 8.703792244920405263e-02 8.684553060116127765e-02 6.160321262516270380e-02
5.357879999999999310e-01 1.168802636396268080e-01 1.082356040325841290e-01 1.121806071450854730e-01 8.156043578742581956e-02 5.724269915160800498e-02
5.367801999999999296e-01 1.255073369391906946e-01 9.452863608328934686e-02 1.761736072878721318e-02 7.735007502108208477e-02 9.709961586155933799e-02
5.377723999999999283e-01 1.222647781391651006e-01 9.518454283265237459e-02 1.180754496100648032e-01 1.046979129587912727e-01 7.484136924848218408e-02
5.387645999999999269e-01 1.310953621323664997e-01 7.311604254499436129e-02 7.452356280220781559e-02 5.925376650910819248e-02 4.488876679939243081e-02
5.397567999999999255e-01 9.434526481540214671e-02 4.139969664036614871e-02 1.238196060439907126e-01 7.170526902472107444e-02 4.368592463481728999e-02
5.407489999999999242e-01 6.179962473723238370e-02 8.850478001605008305e-02 1.142012281749773261e-01 1.281559406569365289e-01 5.406428422480645535e-02
5.417411999999999228e-01 6.160806329575874152e-02 6.371951647684793996e-02 1.040558001640478208e-01 5.698618180927571969e-02 7.254169319303889474e-02
5.427333999999999214e-01 8.149429400475166618e-02 8.545619168289483869e-02 1.125707492668544113e-01 9.562270658755024633e-02 6.785618738623395985e-02
5.437255999999999201e-01 8.822151956008657259e-02 8.632570675852965780e-02 7.262752427514067299e-02 1.388673388691178956e-01 4.907799939229318120e-02
5.447177999999999187e-01 1.441950046176884159e-01 1.480117204397105868e-01 8.663505688978179187e-02 3.429109348155995329e-02 9.355403203240093835e-02
5.457099999999999174e-01 1.084593271086417982e-01 5.762004589516758063e-02 3.216768906364824571e-02 7.070131588842866466e-02 7.558539056229356123e-02
5.467021999999999160e-01 1.170181820512373461e-01 3.011674290540677229e-02 5.648382836264469881e-02 6.264954360366052633e-02 5.680629702648552770e-02
5.476943999999999146e-01 7.239487024546024940e-02 5.342587936815309385e-02 1.126306498358515679e-01 8.969184521131147447e-02 5.163376776934572310e-02
5.486865999999999133e-01 1.065271109046855569e-01 6.580078440948144980e-02 5.086221157890002259e-02 2.957368192255395434e-02 4.670398612530571314e-02
5.496787999999999119e-01 6.610831265766235754e-02 5.023157558330838129e-02 5.945156661887951444e-02 3.396155118921785621e-02 4.136898969103736112e-02
5.506710000000000216e-01 3.701725605270517194e-02 9.162299448292456072e-02 2.552400721585964052e-02 7.306085838277759370e-02 4.437645183408214788e-02
5.516632000000000202e-01 5.581855944850743628e-02 8.513015708488982924e-02 8.859546203533288922e-02 5.249026267165059212e-02 3.037428120343918514e-02
5.526554000000000189e-01 6.681874165384496522e-02 3.904223548249382419e-02 5.391471330903766651e-02 7.315902249779507316e-02 2.641553635907005135e-02
5.536476000000000175e-01 6.961053392699184661e-02 6.914186889205414799e-02 6.551403484116123666e-02 6.264822622928313545e-02 5.777235659724343914e-02
5.546398000000000161e-01 5.856303880400990508e-02 5.843133535558966279e-02 4.400158888696519693e-02 4.599321834639057832e-02 6.013154666978258456e-02
5.556320000000000148e-01 4.534431448348064803e-02 1.491441795039659228e-02 7.373719113521749746e-02 5.084148684815802816e-02 8.112087812630158767e-02
5.566242000000000134e-01 1.869278186039172868e-02 6.738547279726406214e-02 6.102903591455503818e-02 1.063775549436277584e-01 4.840626613211580775e-02
5.576164000000000120e-01 1.625989187916616202e-02 7.289882315463863671e-02 1.042359423721232609e-01 6.821791345255347194e-02 5.238505482660483353e-02
5.586086000000000107e-01 5.826314946747386536e-02 6.969219694636706597e-02 7.181020049866332355e-02 4.034878345141305195e-02 3.724699610003264633e-02
5.596008000000000093e-01 4.992800163762663168e-02 6.734306844966679584e-02 2.914868048530515343e-02 7.453491346322242694e-02 6.747076120951117639e-02
5.605930000000000080e-01 2.517456742888846827e-02 5.098443345197462007e-02 6.212088501411481417e-02 4.343933689089726768e-02 6.464498696784466703e-02
5.615852000000000066e-01 3.074660848155764611e-02 8.930504521249699179e-02 5.144330103951536698e-02 2.516920411272699498e-02 6.279107632737651601e-02
5.625774000000000052e-01 4.534186167322551420e-02 1.962393132721376721e-02 8.072824422041445513e-02 6.150615474709810598e-02 5.939786468104718553e-02
5.635696000000000039e-01 6.597538448631685981e-02 6.544980434910886713e-02 2.654989998307733315e-02 -1.037398024351458316e-02 4.393443093465469046e-02
5.645618000000000025e-01 2.093491733497612056e-02 3.415097684610250012e-02 9.519625507742418558e-02 3.272183349861062379e-02 7.278166305064280583e-02
5.655540000000000012e-01 -1.202988710992090003e-02 1.126433530276653161e-01 8.000227508330126636e-02 6.498858544082243560e-02 3.236727771772463652e-02
5.665461999999999998e-01 6.003071928825866321e-02 6.461784579627827263e-02 2.838104520917861251e-02 2.452006965539384187e-02 4.371668095415028737e-02
5.675383999999999984e-01 -1.466040750401568712e-02 6.405427897157689454e-02 7.347137396825240141e-02 2.322231446922918760e-02 2.954815258237817807e-02
5.685305999999999971e-01 2.537704042490521519e-02 6.727902235785000740e-02 3.577267359106392486e-02 3.037321474380253253e-02 2.023985021479396060e-02
5.695227999999999957e-01 5.320232197317123490e-02 5.885220346824607957e-02 2.163081609412906628e-02 5.104229515214037116e-02 5.905154745758930956e-02
5.705149999999999944e-01 4.703582746996980146e-02 9.274232539845678192e-02 3.684168973725072960e-02 1.756140048884032717e-02 2.527762960777209245e-02
5.715071999999999930e-01 -2.005917757281064709e-02 3.635060561113784977e-02 2.939789218952598010e-02 2.970454735090312035e-02 2.220652598420487858e-02
5.724993999999999916e-01 2.927414317894226278e-02 7.288558703212866252e-02 8.442412555065974267e-02 8.562927499447951785e-02 -2.201904765532693847e-02
5.734915999999999903e-01 6.469878180542402990e-02 8.390136728884181605e-02 5.394885308785566519e-02 4.769242759260338554e-02 4.279796822231686504e-02
5.744837999999999889e-01 8.601088414256786996e-02 4.838118306768007110e-02 5.312797841819597716e-02 6.567317126456476140e-02 4.879994397139085505e-02
5.754759999999999875e-01 4.883581104989925120e-02 3.280446971806751100e-02 2.347969317511223314e-02 8.280906034335408505e-02 4.815868852159287811e-02
5.764681999999999862e-01 3.900408992583224294e-02 8.964140035455218924e-02 4.666858350184873577e-02 5.600864851604302197e-02 3.212450689810835563e-02
5.774603999999999848e-01 3.663574814467142338e-02 1.837748033190073765e-02 1.049324296556604502e-01 6.292832134864018157e-02 1.301138926952382681e-02
5.784525999999999835e-01 4.865182374757516526e-02 -8.459716150112944364e-04 3.689655185972318119e-02 5.840280990048339615e-02 2.573695723043464487e-02
5.794447999999999821e-01 5.958223670273309763e-02 -5.373225500218283516e-05 3.426826057259011599e-02 4.850015012973344503e-02 -1.314465113449322237e-02
5.804369999999999807e-01 4.547494615776224297e-02 7.165288051269291802e-02 7.153245196155846863e-02 3.114628267076034393e-02 2.412856319247452808e-02
5.814291999999999794e-01 3.699913467956714858e-02 4.184885200576309028e-02 4.203273073418635486e-02 -3.337485401960370215e-03 4.657594531072115074e-02
5.824213999999999780e-01 6.339975006403934799e-02 8.431788792832659030e-02 7.560880511573350726e-02 4.291022604703015331e-02 3.483409858461490594e-02
5.834135999999999767e-01 2.628928148067104231e-02 5.665788528559926457e-02 2.089284647885719312e-02 4.122577119295688791e-02 3.232797904536310885e-02
5.844057999999999753e-01 1.930551750755784071e-02 5.387522669437787987e-02 1.653232864021386694e-02 2.433170317651472611e-02 3.768042417136614058e-02
5.853979999999999739e-01 4.652019130446535117e-02 2.042388888099986102e-02 8.709125070073013217e-03 9.741766822476816481e-03 9.204897152385554948e-02
5.863901999999999726e-01 6.267461646911107187e-02 6.303596349580549429e-02 2.482202885480028556e-02 9.324557809370302708e-02 4.425299276590686365e-02
5.873823999999999712e-01 6.742935095575493254e-02 6.064137866298065227e-03 8.647440400636932645e-02 3.924868353048714675e-02 7.196638357443503609e-02
5.883745999999999698e-01 3.601699608697359056e-02 3.738088767068242779e-02 2.453017015042759791e-02 1.229061161037972930e-02 5.414679646577293809e-02
5.893667999999999685e-01 9.118811689102773732e-02 6.862624616534536426e-02 1.565236781144672962e-02 1.897799905169866852e-02 1.858349766463213495e-02
5.903589999999999671e-01 4.253981217435654633e-02 5.604839438890441006e-02 2.913035666448511932e-02 2.674071443502032061e-02 5.788252173678967716e-02
5.913511999999999658e-01 1.071930060325915722e-02 1.701890815675202034e-02 4.524284044151418577e-02 -2.061882892068953119e-03 2.782800365046086966e-02
5.923433999999999644e-01 6.052978656194848289e-02 3.618215366811675798e-02 5.367738252588807185e-02 6.508073796165568525e-02 6.429128753723392653e-02
5.933355999999999630e-01 4.404438648150840740e-02 3.304027371269128988e-02 3.034631013091741714e-02 -2.438659769709348047e-03 5.497765459855986914e-02
5.943277999999999617e-01 3.298725531560895569e-02 2.510830540819556853e-02 5.225454417439031468e-02 3.620443700875346227e-02 5.660168373632661759e-02
5.953199999999999603e-01 3.712989492787600876e-02 4.527213334602073896e-02 1.913730997284544474e-02 4.150828815291344315e-02 -3.932468551051088168e-02
5.963121999999999590e-01 3.801522760190724493e-02 5.978809277686662066e-02 4.789527104946709329e-02 5.195886642419043910e-02 1.877106449853958511e-02
5.973043999999999576e-01 4.724687813577353734e-02 2.754846599658255374e-02 8.395486614699244898e-02 3.129755832668953963e-02 1.921388728129820112e-03
5.982965999999999562e-01 5.702126489356794392e-02 8.534460861765184175e-03 7.477429548016001348e-02 1.632059342275010011e-02 1.901987120247191493e-02
5.992887999999999549e-01 4.765956883973602315e-02 2.004724894678207650e-02 3.299939981330327066e-02 8.138939034738262857e-02 2.501816069193668265e-02
