2.594900000000000091e+02
2.648199999999999932e+02
2.783100000000000023e+02
2.846299999999999955e+02
4.016999999999999886e+02
4.049499999999999886e+02
4.497800000000000296e+02
5.693799999999999955e+02
6.566499999999999773e+02
6.787899999999999636e+02
6.927899999999999636e+02
7.666800000000000637e+02
8.037400000000000091e+02
8.597500000000000000e+02
8.661900000000000546e+02
9.031700000000000728e+02
9.142699999999999818e+02
9.189099999999999682e+02
9.283400000000000318e+02
9.346000000000000227e+02
9.806299999999999955e+02
1.017050000000000068e+03
1.075500000000000000e+03
1.086769999999999982e+03
1.127789999999999964e+03
1.194039999999999964e+03
1.270750000000000000e+03
1.376509999999999991e+03
1.452690000000000055e+03
