0.000000000000000000e+00 -3.865000736225612799e-02 -2.331626622081102440e-02 -6.902127256395028561e-03 -3.999088389119822423e-02 -6.564483853290209447e-02
9.816000000000000072e-04 7.947131848742839538e-03 2.638102423072482064e-02 -1.836855255919123478e-02 -1.268023419472674718e-02 5.191244887264603175e-02
1.963200000000000014e-03 2.578012862144636597e-02 -2.736611583557754107e-03 3.924983627122677343e-02 -1.705526318253920356e-02 -3.896101940114304885e-02
2.944800000000000022e-03 1.479247297671602672e-02 6.079115147812412219e-04 1.114168525711521987e-02 2.391044020069792771e-03 -5.293123400632847309e-02
3.926400000000000029e-03 -4.680034450906760297e-03 -1.446387750830713595e-02 3.114587474229597169e-02 -2.236926951341706993e-03 -1.193140208112492343e-02
4.908000000000000036e-03 1.833098932565210837e-02 -4.586439325279123395e-03 7.093488976813101983e-03 -3.751404074962709501e-02 3.639176179371032827e-02
5.889600000000000043e-03 2.102189458866153202e-02 2.407302838845641266e-02 7.790650483841993906e-03 -3.813135950766508540e-03 -1.782766030339227523e-02
6.871200000000000051e-03 2.753301137883076583e-03 1.164826558326620236e-02 5.120771629374589601e-02 -1.415151783935085332e-02 -1.100866560693312957e-02
7.852800000000000058e-03 2.873561008962626298e-02 3.976508125888352820e-03 4.182517947213418991e-02 6.750683599359494358e-02 -2.681562989709296990e-02
8.834399999999999198e-03 3.505623646581436381e-02 1.230505188909974262e-02 1.339750465932221940e-02 -1.033945112812910579e-02 -2.466034799608417868e-03
9.816000000000000072e-03 1.909146732180677999e-02 -3.511082610282459382e-02 -1.030800669150029837e-05 -4.253203213862829374e-02 -1.973919592552168464e-02
1.079760000000000095e-02 -1.107840741117485867e-03 1.842326314010605745e-02 -2.525848640340103146e-02 6.354045438959793346e-02 -1.755264519294771550e-02
1.177920000000000009e-02 3.359111963540079709e-02 -1.798499148829884459e-02 3.051632586923062537e-02 4.709311193479132768e-02 -3.276486702276701531e-03
1.276079999999999923e-02 1.356072507958864387e-02 1.122305467650008826e-02 1.294668977152234508e-02 1.819532199660397684e-02 -1.501304348774247337e-02
1.374240000000000010e-02 -1.248547277984900575e-02 3.025347137923042537e-02 2.373388142394698003e-02 -8.538231766671595946e-02 1.585997567834333127e-02
1.472400000000000098e-02 -1.286648535908472245e-02 -2.232243356655724126e-03 2.535511697842003989e-02 1.372079994657927210e-02 5.317008864240815869e-02
1.570560000000000012e-02 3.532707313407081051e-02 2.182181201192669520e-02 2.631953986389843139e-02 8.392004276023842455e-03 3.995694149389687061e-02
1.668719999999999926e-02 -1.654778611503275945e-02 3.428310394529698185e-02 5.931381839587931276e-02 -8.115047912395503132e-03 -5.609798053379352195e-02
1.766879999999999840e-02 2.841641387749900202e-02 5.544009774848512873e-02 4.679099024492452963e-02 -2.130395929398639851e-02 5.681901899123106142e-02
1.865040000000000101e-02 1.217242863440463202e-02 1.456152106990062783e-02 6.384019589555385739e-03 2.859266021737571009e-02 1.258656452798961357e-02
1.963200000000000014e-02 2.089512825534627083e-02 4.698188935553768847e-02 2.836424237622955924e-02 2.583494738177327665e-02 -1.777387754630533473e-02
2.061359999999999928e-02 5.497741353216038795e-02 4.265354152606423699e-02 -1.290125243283766175e-02 -4.284960240973640332e-03 -1.161862341362949460e-03
2.159520000000000189e-02 -2.476140790999478009e-02 3.184871525348115934e-02 6.490822128562734501e-03 -1.007081472122926293e-02 -2.145086288394646573e-02
2.257680000000000103e-02 2.316806752553578208e-02 -4.009791611994587132e-04 -9.310426259045859534e-03 -1.835144181167669419e-02 6.105398266944559935e-03
2.355840000000000017e-02 6.969630263772658109e-04 -9.405344923477039140e-03 -2.515225240280326985e-02 -8.549993203213089241e-03 1.257313070154125918e-02
2.453999999999999931e-02 -2.352398909249755338e-02 -6.212080381823098995e-04 2.341494289894877068e-02 2.551299081427412657e-02 2.104575032557120737e-02
2.552159999999999845e-02 9.145661365306449395e-03 1.763893245894472203e-02 -1.396796422616188894e-02 2.485639769818593844e-02 9.394173333707850002e-03
2.650320000000000106e-02 2.995243241701984332e-02 -2.745915827295501363e-02 2.333134558044760304e-02 5.778296714794833172e-02 9.107396549317919518e-03
2.748480000000000020e-02 -7.346485337610808054e-03 1.553869459295836343e-02 -2.762999343911809805e-02 -1.896109921597590939e-02 2.273805231214159200e-02
2.846639999999999934e-02 1.058864725291461945e-02 -5.925065492930545993e-05 -5.490081661426485585e-03 1.381169419588690632e-03 2.506852291896031603e-03
2.944800000000000195e-02 -1.101990889625238147e-02 2.001679267035579371e-02 4.355156867639201762e-02 -2.259628397944079756e-02 3.252003609405077020e-03
3.042960000000000109e-02 3.235296422552574880e-02 4.573956447358140665e-03 -7.193460025054476334e-03 -2.331926087068544526e-02 -2.583945279863074720e-02
3.141120000000000023e-02 -3.449518286945668644e-02 2.676646416972006462e-02 4.541632044950317387e-02 -4.356548803379145518e-02 -1.281742015118338476e-02
3.239279999999999937e-02 -1.904903150762805517e-02 1.967606516178099178e-03 6.939852199987700705e-03 2.800599969743368736e-02 1.629076171272147988e-02
3.337439999999999851e-02 2.651099568618980190e-02 -3.454611758138333849e-02 4.525601063357970535e-03 3.153090287655507112e-02 3.904932875677000377e-03
3.435599999999999765e-02 2.395309095976034391e-02 2.101491328269881539e-02 7.295264066623921746e-03 1.631408364532315608e-02 2.439845515029301706e-02
3.533759999999999679e-02 2.103901626555164037e-02 -1.434477673271673283e-02 2.353077485296567462e-02 7.641782956274831631e-03 2.540433754245496195e-02
3.631920000000000287e-02 8.718766365703033150e-03 -2.813886472265650883e-03 3.273895649221208320e-02 5.576361130557953502e-03 -2.014176705848331073e-03
3.730080000000000201e-02 1.353140762416298569e-02 1.520870153617371982e-03 -1.609074515689916038e-02 1.059667324028841680e-02 -2.372173604151491325e-02
3.828240000000000115e-02 5.149529255497642052e-03 2.573898427508561782e-03 -5.269158957379817265e-03 3.899298521068178536e-02 -3.566810151840991722e-03
3.926400000000000029e-02 -2.130232472520370013e-02 1.225332183290307221e-02 3.144428007270456266e-02 6.301990054716626564e-03 1.324613834408018380e-02
4.024559999999999943e-02 -3.573912163442469030e-03 -8.873040334942489116e-03 1.518693072877946859e-02 -1.818311840577302441e-02 5.209084136667632182e-03
4.122719999999999857e-02 2.813393491382614950e-02 -9.095418592427221074e-03 -1.713415280988053735e-02 -1.419923680503170325e-03 1.414731396717804762e-02
4.220879999999999771e-02 3.303525061817237651e-02 -3.229467703378300497e-02 -6.227721737967907567e-03 4.242546798844251676e-02 1.159362991635682141e-02
4.319040000000000379e-02 -2.186106157235910910e-02 -3.484922128717027334e-02 2.776326941605106527e-02 -1.415793590681820209e-02 6.991770402457171338e-03
4.417200000000000293e-02 8.993928328896609592e-03 2.192375904776079631e-02 1.148973390260514191e-02 -1.919550856421365845e-02 2.034148937966140727e-02
4.515360000000000207e-02 7.941577078982929583e-03 -1.294327709665908134e-02 -9.726102105535016848e-03 -3.730489160680568878e-02 -3.259803949013063279e-02
4.613520000000000121e-02 1.025044644414347707e-02 2.196240990121009484e-02 1.520643337915226524e-02 4.248997373295339969e-03 -1.051276699231361821e-02
4.711680000000000035e-02 1.494252488578177995e-02 -2.574303600386348978e-02 4.916235603224642682e-03 3.167655265884596755e-02 1.107229053515209997e-02
4.809839999999999949e-02 -2.301740802619262755e-03 -2.096298189265911188e-02 2.416564043661503097e-02 -2.092415661551497164e-02 -7.870304481729066201e-03
4.907999999999999863e-02 5.054114453863391143e-02 -2.663051850584754326e-02 1.805220851727917797e-02 6.134345698491006083e-02 -5.407008284876918536e-03
5.006159999999999777e-02 1.192714419687054134e-02 1.161034356733867947e-03 6.655330900815188688e-02 -6.850619678112582212e-03 5.357106176032825490e-02
5.104319999999999691e-02 -1.083107649610743056e-03 7.434153611841613600e-03 -1.197099440870344478e-02 -6.291301788448391830e-02 2.388975523117408545e-02
5.202480000000000299e-02 -1.207227898820981485e-02 4.702307319077725367e-02 -1.685826262524705611e-03 -4.443214607730650544e-03 8.738010347635973007e-03
5.300640000000000213e-02 -1.635419204439441873e-02 1.391338674176222003e-03 -2.287453164931799870e-02 2.968908412462931828e-02 -3.336450803708751467e-02
5.398800000000000127e-02 -2.878506221990048686e-02 -3.689086724093993807e-03 -2.854533933391303208e-02 5.048214730108670223e-02 -1.650549521802079436e-02
5.496960000000000041e-02 -4.345727318922845694e-02 -6.908900820532175996e-03 -2.411652088449159348e-02 -1.063331414150365389e-02 -9.409885158856703610e-03
5.595119999999999955e-02 -9.746813000366706670e-03 -1.296278679069742638e-02 2.694114276580646117e-02 6.718436080888708431e-03 -8.969952961442372117e-04
5.693279999999999869e-02 -1.205724984155620225e-02 6.367699457270978997e-03 -2.283058732234684654e-02 -2.867381295504092820e-02 2.738745179825887582e-03
5.791439999999999783e-02 1.452927761923734212e-02 1.032490992019244151e-02 1.753903571878277778e-02 -1.566310303254057901e-02 -1.978148934093607730e-02
5.889600000000000390e-02 2.313220317103402077e-03 2.058157557531403725e-02 1.346553790425247723e-03 3.559058878524558149e-03 3.377045493442663859e-03
5.987760000000000304e-02 4.090851874154049009e-03 -3.550074411213627323e-02 -9.892815507662532787e-03 2.381465826743957639e-02 -1.559162527670572215e-02
6.085920000000000218e-02 -5.104522841624195041e-04 2.289045968669950644e-03 7.143553909890063870e-03 -8.845480520288290932e-03 2.459890854263940482e-02
6.184080000000000132e-02 4.479719818017503796e-02 7.066036416800318583e-03 5.567012384793419699e-02 1.203597900659081517e-02 -1.696725515272670681e-02
6.282240000000000046e-02 4.804023813103092122e-02 9.070445879618516810e-03 -7.398109005613511327e-03 -3.446495726341954058e-02 3.226269723034785181e-02
6.380399999999999960e-02 4.194495947614344973e-03 -4.769626667068116443e-02 2.261827148606099236e-02 1.552266680754004792e-02 -1.903026730277081538e-02
6.478559999999999874e-02 3.351592112447397687e-02 3.788018928495657384e-02 4.446477717622868836e-02 -1.275427424684567011e-02 -4.996414338642023167e-02
6.576719999999999788e-02 -6.333857961605238174e-02 -1.775588022059886723e-02 4.563515695560300262e-02 1.475098289777332199e-02 -2.460562291091906301e-02
6.674879999999999702e-02 3.699621865779507968e-02 -4.581595486961387298e-02 -6.910125496406039139e-03 -5.513911123924914413e-03 -1.563033339161498669e-02
6.773039999999999616e-02 -4.239453729625404510e-02 -3.885334646198204678e-02 1.910888584636247960e-03 -2.425314987831566488e-02 1.967857671263383706e-02
6.871199999999999530e-02 2.660880372840512820e-03 -1.512493611961933208e-02 -7.826510419558342993e-03 -2.727229155906042007e-02 -2.195671144802368094e-02
6.969359999999999444e-02 5.135171118566299320e-02 -1.689959601769815611e-03 5.343407280727022028e-03 3.887963048523775632e-03 4.360386875033533754e-04
7.067519999999999358e-02 2.530262125250366811e-02 -2.245179154938966790e-02 -2.590096002912515433e-02 4.387072686696023502e-03 1.548786389730144944e-02
7.165680000000000660e-02 -2.768791012561893847e-02 -8.765466581731749113e-03 1.418418165397215304e-02 -2.411074364484186439e-02 -1.212538180430429479e-03
7.263840000000000574e-02 -2.470263707223367688e-02 -4.011020415846999060e-02 -2.369104862695006405e-02 5.533523576593060884e-03 1.941683608042340040e-02
7.362000000000000488e-02 -3.215296372118414681e-02 1.226391590393153402e-02 -3.399376773044991695e-02 7.764641301189703464e-03 3.220609738735732020e-03
7.460160000000000402e-02 -4.585390399849722728e-03 -3.391255914408861094e-02 -3.172889866612375875e-02 -4.186929129298569072e-03 -3.587279001834803218e-03
7.558320000000000316e-02 -1.585233695714530905e-02 -2.358731472106345966e-03 -7.364807961029421098e-03 -8.469828187550539110e-04 5.408260056290374075e-03
7.656480000000000230e-02 -1.279603656783258152e-02 -1.095613815284635084e-02 -1.019954416668658777e-03 -3.309897212403008215e-02 2.900343324754487209e-02
7.754640000000000144e-02 -3.928019285085720264e-02 -4.956576035549132946e-03 -5.193388669194315584e-03 -1.763462330147119034e-02 2.714071618927528171e-02
7.852800000000000058e-02 1.103569458430601197e-02 3.878406533390747757e-02 9.111115098926680575e-03 3.589535439343081308e-02 2.492886126905695388e-02
7.950959999999999972e-02 3.623535778868781920e-02 4.031551268914626215e-03 -9.650545433301162268e-03 2.726622645213528165e-02 -1.788950543079064967e-02
8.049119999999999886e-02 2.061837342866181325e-02 -2.141728533233869247e-02 -2.310211143827707071e-03 3.330071486856572838e-02 1.790676317450168309e-02
8.147279999999999800e-02 2.501848270880511343e-02 -2.544073029659818432e-03 2.790455738709963357e-02 1.531997530538309511e-02 5.066846388659941580e-02
8.245439999999999714e-02 -6.597339218073199930e-03 -1.093515790346190689e-02 -4.348856762831742467e-02 2.418119005822140163e-02 3.162082390030362261e-02
8.343599999999999628e-02 -3.281818316531859032e-03 7.139217761756130182e-03 2.602809214071196905e-02 1.811281811846559425e-02 -7.507721546385327793e-03
8.441759999999999542e-02 -5.481368012938095391e-03 1.210655195622160202e-02 3.941897653082847286e-02 3.929534008209956304e-03 1.870179379774388959e-02
8.539919999999999456e-02 4.306244118176384000e-02 4.277512438527093785e-03 -4.601180390534407444e-02 1.472335359196218912e-02 1.078215742310031358e-03
8.638080000000000758e-02 6.373144533865461245e-03 -2.157472262924057388e-02 -9.945802877466753886e-03 1.303934612737388905e-03 3.975995603004206513e-02
8.736240000000000672e-02 2.236435108517234246e-02 1.237662036277734773e-02 4.083330816141216013e-02 -1.740772870756135404e-02 4.527461556181852295e-03
8.834400000000000586e-02 -1.104087722480413987e-02 -1.599025675321683049e-02 8.966797134402817310e-03 3.296406731669524002e-03 1.883103382231839443e-02
8.932560000000000500e-02 -5.007576987143554786e-02 9.471690863613567435e-03 7.848642267481708082e-03 8.250253389477036486e-03 -1.526088736975066357e-03
9.030720000000000414e-02 1.294879118260032665e-02 1.188815642836794098e-04 -8.209184359503858336e-04 6.947338847932354490e-03 -3.131805917158267394e-02
9.128880000000000328e-02 -3.565305014429330510e-02 -3.500097010654690949e-02 -4.068516463982144171e-02 8.672324808268844568e-03 2.009973094417831594e-03
9.227040000000000242e-02 -4.202754479062616351e-03 4.731278890430538550e-03 1.659143219921436346e-02 2.703960033970048346e-02 -2.890162992688008123e-02
9.325200000000000156e-02 -4.612905906316538962e-02 2.213732663851425420e-02 1.081827393933980710e-02 -2.348958922603498409e-02 2.351290729895927009e-02
9.423360000000000070e-02 -8.074349427597087708e-03 2.072625469000533016e-02 5.047588499375249040e-03 -3.482098807392505768e-02 -4.274738266856328850e-02
9.521519999999999984e-02 1.931512821690782242e-02 -9.337165668861167542e-03 -4.266589270123013686e-03 6.995024938002871416e-03 1.417256721000586389e-02
9.619679999999999898e-02 1.453527721326109030e-02 -4.388418563526381294e-02 1.262055363722142977e-02 -1.443931385929643658e-02 3.031483821530606484e-02
9.717839999999999812e-02 -3.252516918685439268e-02 1.502331900940868763e-03 8.300208578591879161e-03 1.114292696944965948e-03 3.362265212281360157e-03
9.815999999999999726e-02 2.509242941584409817e-02 5.137380992540221958e-02 3.411707741196597782e-02 -1.412776394550614538e-02 2.654790085316551321e-02
9.914159999999999640e-02 4.503069706134069095e-02 -4.347553614115694243e-02 4.522713217921769946e-02 -1.438220356278881173e-02 1.220731002494586208e-03
1.001231999999999955e-01 -3.412820761821992212e-03 3.541207922619064169e-02 -1.745043338384825657e-02 -3.786716007620796742e-02 -1.509059493567115919e-02
1.011047999999999947e-01 2.209978537190140577e-02 2.503713357596698205e-02 -3.174063178176611544e-02 -9.594581750408765972e-03 -1.752969491851462044e-02
1.020863999999999938e-01 1.242457263795800071e-02 2.432211246580723383e-03 -1.391847766868730069e-03 -7.783287546775973301e-03 1.488052843067915951e-02
1.030680000000000068e-01 7.717419671231929082e-03 2.070549612400472347e-02 -4.508515847896614470e-02 4.048677748446527502e-02 1.673709042496639154e-02
1.040496000000000060e-01 -5.324590311414073573e-02 -6.443039637806536983e-03 4.440216285623133780e-02 3.116539881356269678e-02 -2.244470465815445043e-02
1.050312000000000051e-01 -4.114236989487892945e-03 2.427966993657262092e-03 6.423117037042455797e-03 1.414952203527683992e-02 4.375273586634594730e-02
1.060128000000000043e-01 -5.208910459580412978e-04 -1.088712980540090455e-02 6.120370239849541247e-03 9.094972062013014999e-05 4.223287555388013925e-02
1.069944000000000034e-01 -2.187339844113616802e-02 -2.702708978587363767e-02 -3.500480125999998887e-03 -1.046106117837330117e-02 6.049247607100356749e-02
1.079760000000000025e-01 -2.292926743465559334e-03 5.199310511917449792e-03 -1.797587040789979870e-02 2.399420880284319421e-02 -3.407129229940689119e-02
1.089576000000000017e-01 2.816670747425841555e-03 2.765647674962574964e-03 -1.474984054411636152e-03 1.468087150078419001e-02 1.727039375959897941e-02
1.099392000000000008e-01 -1.483748266702383280e-02 3.370007685172422829e-02 -2.802173275112607859e-02 4.899723121687236949e-02 -2.815951845761179018e-02
1.109208000000000000e-01 -3.006784425087001902e-02 -1.659988318653018297e-02 -5.030050699158745281e-02 1.007448778630345813e-02 1.346837013202182610e-02
1.119023999999999991e-01 -1.284297789459737165e-03 2.115523286795726807e-02 4.697626964075939104e-02 -9.333652470286349367e-03 7.667131416839074749e-04
1.128839999999999982e-01 3.397560511738926398e-02 1.485400647659887961e-02 -2.024764902659657861e-02 -1.245811213121681207e-02 2.677029342377671914e-02
1.138655999999999974e-01 -1.291233462877878872e-02 2.545025968723886242e-02 -1.115945846431223680e-02 9.355170367105937121e-03 -1.621365577766757443e-03
1.148471999999999965e-01 2.470798371958419018e-02 8.583336682170225260e-03 6.294843900061092290e-02 1.845937847694563774e-02 -1.938525593592542798e-02
1.158287999999999957e-01 -2.247788440620487882e-02 -7.606008936936707945e-03 -2.047241291395070564e-02 -1.104117960540066008e-02 -2.279320851784509896e-02
1.168103999999999948e-01 1.895512189917668636e-02 -1.246957575816515272e-03 -7.840276610223616618e-03 -1.464316641464611692e-02 -2.910728206969105496e-03
1.177920000000000078e-01 -1.497082109127774105e-02 3.226591406710702797e-02 5.710178780440481119e-03 1.774812545617106274e-02 -9.704031502998122002e-04
1.187736000000000069e-01 -2.289143862575611626e-03 3.731469183038297471e-03 -3.971589189992508206e-02 -1.092362044342212388e-02 -1.042744935336175835e-02
1.197552000000000061e-01 -1.763038524552557745e-02 -1.632344019519098646e-02 4.776732748710120491e-02 -5.045156466301822969e-03 -1.334037245348509114e-02
1.207368000000000052e-01 -2.110781328501439014e-02 8.487625049906510509e-04 1.264269557533957873e-02 1.326493123781075784e-02 -2.912722848217771249e-02
1.217184000000000044e-01 2.219809562158618632e-02 6.595182044683548309e-03 -1.801890875853126919e-02 1.289352126909113112e-02 3.507653785777109512e-02
1.227000000000000035e-01 -6.454494600155990516e-04 1.037615848973346896e-02 2.629649637129715875e-02 -3.889009065181877386e-04 1.077791534494337324e-02
1.236816000000000026e-01 1.669638226095299799e-02 2.085248812435311350e-02 -4.690880916587657039e-03 2.726093220030291822e-02 4.771352650184446618e-03
1.246632000000000018e-01 -6.689598866754827358e-03 -3.469945846696735614e-02 2.545490916651069191e-02 -1.733591369399210477e-02 -8.550420883243483108e-03
1.256448000000000009e-01 1.513032624642736933e-02 2.663396898226826418e-02 2.103376849638534732e-02 4.004899196536657047e-02 -1.265610653038602706e-02
1.266264000000000001e-01 1.973003880941829116e-03 1.929887320012145524e-02 -3.703773527234127672e-02 1.784160168726335940e-02 -1.711295037548864195e-02
1.276079999999999992e-01 7.696223088707220689e-03 -9.961321221729536185e-03 -5.252760921417567661e-03 -2.304237541498658365e-02 2.886459281867508400e-02
1.285895999999999983e-01 -8.969209209656070839e-03 7.148760973019878742e-03 -6.867272769870932415e-04 6.558298004929451197e-02 -7.666749202181644303e-03
1.295711999999999975e-01 9.884868469471357402e-03 3.512848764204132279e-02 -2.412460876831568762e-02 -2.010595190808044282e-03 -1.929685661466977800e-02
1.305527999999999966e-01 4.717019605935669942e-03 -3.355576509084122472e-02 4.412171603484459081e-02 -2.620485126023168465e-02 -2.944912503558865663e-02
1.315343999999999958e-01 1.370790745844808339e-02 -4.131700813019122814e-02 -1.177767025174518423e-02 2.815217438019541191e-02 -3.671703077219399397e-02
1.325159999999999949e-01 6.120465558166116038e-03 1.736712013330829474e-02 4.361211109268080255e-02 -3.943488404111841067e-02 -3.111374362100207888e-02
1.334975999999999940e-01 8.274461596351269030e-03 -1.735264172426691232e-02 -8.082866269346669066e-04 3.476270011829402790e-02 7.544432623980613928e-03
1.344791999999999932e-01 -3.053072921764669878e-02 -4.787735605042212940e-03 -2.489813522362048503e-02 -3.337022871612047026e-02 -4.473333287853949181e-02
1.354607999999999923e-01 1.209856395533033188e-02 -3.428563857043623320e-02 -2.000320858433450588e-02 -2.703916058344114914e-03 9.395406260047143784e-03
1.364423999999999915e-01 2.447683626079914104e-02 -1.828211477214569322e-02 1.964475165093926279e-02 -2.933392536772192610e-03 -3.894151832459662871e-02
1.374239999999999906e-01 3.425324702724904385e-02 -2.450678028486137638e-02 5.463542529137584147e-02 -4.490361942309936683e-02 -7.037397447013486046e-03
1.384055999999999897e-01 9.970364066668823896e-03 6.293431449914094200e-03 2.458014084162906884e-02 -1.705365665695383892e-02 1.940484190735716416e-03
1.393871999999999889e-01 7.103524665592643450e-03 3.107513189041239202e-02 2.776897861063594083e-02 -1.735124557557818012e-02 -7.435489477928911711e-03
1.403687999999999880e-01 2.897829713649657801e-02 -5.480571828565569507e-03 -1.497411995844451314e-03 -5.772713079589767565e-03 4.570187438221326448e-02
1.413503999999999872e-01 -2.839133704213543663e-02 2.293519689421916630e-03 1.644389268433769924e-02 4.369803094456350262e-02 -3.652260093713243644e-02
1.423320000000000141e-01 -6.335292616364602766e-03 7.488655480138575911e-03 2.946713772686311919e-02 -4.707461933376493740e-02 -1.052859965150274371e-02
1.433136000000000132e-01 1.771580725177476084e-02 -3.501912235758233155e-02 2.190350681327257742e-02 -5.224641321595723496e-03 2.059702709852598290e-02
1.442952000000000123e-01 1.239518891840016984e-03 -3.000760237414039008e-02 4.309546466380745691e-03 1.850198782312139842e-02 -1.837952948677240225e-02
1.452768000000000115e-01 2.655940477362470770e-02 -2.834411155298218517e-03 3.273820355054974512e-02 -5.683170329725803493e-03 -1.924631430589455669e-02
1.462584000000000106e-01 -2.505768205572326754e-02 1.113878488308970433e-02 1.127683769592788786e-02 -2.513122593559035875e-02 -9.637193258337877627e-03
1.472400000000000098e-01 -5.435433280359817931e-02 -2.320079545522547859e-02 1.308845511185692881e-02 -2.563474609051259040e-02 2.942986988600404183e-02
1.482216000000000089e-01 1.263634228581098085e-02 2.171063791370166432e-02 4.636558146526538471e-02 3.611358013171687281e-02 -3.105686612179092698e-02
1.492032000000000080e-01 1.454751675208721187e-02 -4.080333735086394409e-02 4.509511169424761101e-02 -4.542092380391864886e-03 3.368614221927876493e-03
1.501848000000000072e-01 1.972429656600726763e-02 -1.062583440258779190e-02 8.165150938751001772e-03 7.101400561138679693e-03 1.093710371460210329e-02
1.511664000000000063e-01 -8.845382467054754838e-03 2.608726489329874811e-03 1.718654723215804619e-02 1.503816942814982169e-02 2.040318405379813044e-02
1.521480000000000055e-01 -4.080044857277254772e-02 -2.000354993987941976e-02 -2.819684524952576279e-02 -1.600651198757025231e-02 -2.890064618678358718e-02
1.531296000000000046e-01 1.088125157053023567e-02 4.032934849021479161e-03 2.224951432112333774e-02 -1.390315194188404720e-02 1.430793838678352282e-02
1.541112000000000037e-01 -2.016598174085123402e-02 2.051866882453281735e-02 1.770179686113730264e-02 -5.006192982413865990e-03 -5.329282317528196734e-03
1.550928000000000029e-01 -1.668298760279980641e-02 2.638540687979774521e-02 -3.755818322770707474e-03 -1.971627076213898141e-02 1.615569223733104992e-02
1.560744000000000020e-01 2.483487452786675709e-02 2.976187776383535082e-03 3.690908094356154957e-03 3.529371417666615079e-02 1.929338229524633908e-02
1.570560000000000012e-01 -5.606293599167843852e-03 2.700895275393953160e-02 -3.150466161554341723e-03 3.252281439536156005e-02 6.615574261009596682e-03
1.580376000000000003e-01 -4.059456092398951686e-03 -8.612361221541358844e-03 2.526742595400262997e-02 -9.086010575897134067e-03 -1.660495998087671912e-02
1.590191999999999994e-01 -9.768689735077091749e-03 -1.274954462937442218e-02 3.745404185917748999e-03 1.325749875925355710e-02 -2.499420505122026612e-02
1.600007999999999986e-01 -4.171240688486259861e-03 7.292197865697369087e-03 -5.014955794267533795e-02 -4.824737476770812189e-02 1.440992219036183429e-02
1.609823999999999977e-01 -2.383401579643402990e-03 2.111122870107636981e-03 -5.219185924926342431e-03 2.905436176257273143e-02 2.169277956667755095e-02
1.619639999999999969e-01 6.899357936445653372e-02 -4.604042654209009912e-03 2.568503414908353266e-02 -1.179629078785049065e-02 -1.790200795291169156e-02
1.629455999999999960e-01 2.773249297502356978e-02 1.003522520802732111e-02 6.982009861649863397e-03 4.026118708251453550e-03 -1.040834650073536351e-02
1.639271999999999951e-01 2.796678770809286983e-03 -4.043671107311738039e-03 -4.708875456442004372e-03 -5.605884466907422661e-03 -6.496959628160149658e-02
1.649087999999999943e-01 1.439451018891594681e-03 -1.278377754623530836e-02 -5.676299191375620140e-02 2.475933527292294156e-02 -3.435519784733272186e-02
1.658903999999999934e-01 -3.195832232727145034e-02 5.818039112676668539e-02 -1.898177106276251885e-02 -2.651560566062800828e-02 -7.045552348660340247e-03
1.668719999999999926e-01 3.983705417509504111e-03 -2.443451195648262478e-02 -9.246196085433009554e-03 -1.083277883718068366e-02 -2.822456547129442023e-02
1.678535999999999917e-01 -3.177039507317919870e-02 -3.049038728165691381e-03 3.206913942319995769e-02 6.083691349175525745e-03 -3.380298409838664031e-02
1.688351999999999908e-01 -2.448349243900006453e-02 1.563541985875104359e-02 -1.310194115200358916e-02 -2.793849221917273345e-03 3.552313687002392473e-02
1.698167999999999900e-01 -1.118468749093009477e-03 -1.335129846910066212e-02 3.050365040803572347e-02 7.446703667382898123e-04 -2.535580937568478882e-02
1.707983999999999891e-01 -1.831363946737675844e-02 8.532973425151209063e-04 -1.532054152638840164e-02 2.088240502834606133e-02 -5.288739615762006255e-03
1.717799999999999883e-01 -5.770060510289680769e-03 -9.727645272668684548e-03 3.103351861674335382e-02 6.448368882609553480e-03 -2.878483282296387044e-02
1.727616000000000152e-01 -4.369609060553926450e-02 2.054800578448696957e-02 -3.763305633225705262e-04 -2.561271583977242985e-02 1.446595992674855162e-02
1.737432000000000143e-01 2.269859310609471936e-02 -9.786252026016408270e-03 2.017750198198902615e-03 -5.202533584330096099e-03 1.345219224232475051e-02
1.747248000000000134e-01 1.898115329370187246e-02 -2.459945363474200231e-02 3.690806497827052619e-03 8.210375344639878059e-03 1.461606272230372289e-02
1.757064000000000126e-01 -1.005904494897552626e-02 -1.309710742986555133e-02 9.883261144643207957e-03 2.649159940256491305e-02 5.385635104974047238e-02
1.766880000000000117e-01 -1.299024946904170537e-02 -2.441363718083654558e-02 -1.366312131485446744e-02 -1.688343124883883231e-02 2.902568395486006605e-02
1.776696000000000109e-01 -2.790896951869684608e-05 1.947302142631150354e-02 -2.089874257441931213e-02 2.608540206939281153e-02 -4.392370805787727817e-02
1.786512000000000100e-01 -3.003266330942195445e-02 -9.754129234085785749e-03 5.138980643138013789e-03 -4.931315449472518236e-02 -2.842930264853329655e-02
1.796328000000000091e-01 -3.054676737260028641e-02 -2.769456147110243779e-02 3.666271636417077050e-03 1.950962449527352503e-03 -4.328144087970450804e-02
1.806144000000000083e-01 3.480373020377565407e-02 -2.012062547559022654e-02 -3.232214632574359481e-02 3.901690450869993443e-02 -2.610285898339199592e-02
1.815960000000000074e-01 8.117460202448021625e-04 -1.309944875462176403e-02 2.187413652360111621e-02 -6.204718149425740570e-03 -2.395686995093385813e-02
1.825776000000000066e-01 2.349802029301395825e-02 -2.098142055044924584e-02 1.516085332851666370e-02 -3.414447290615650610e-02 -7.834200802362020072e-03
1.835592000000000057e-01 -2.076353310678131364e-02 2.902965037196740886e-03 1.119817250115196818e-02 -3.650751041282931930e-02 -3.301607514744014146e-03
1.845408000000000048e-01 -4.290927524578065644e-02 1.482754171969146405e-02 3.594293086147189349e-04 2.605934721877041504e-02 -1.368227853321928164e-03
1.855224000000000040e-01 -4.982887650630343085e-02 -3.346576881592591701e-02 -2.809397343770204947e-02 5.113619069706697683e-03 2.591767640318122512e-02
1.865040000000000031e-01 -5.179432870160218666e-02 2.125886924359810665e-02 -2.210262031747989298e-02 2.208228015513362397e-02 1.893040260285639917e-02
1.874856000000000023e-01 -1.388774276220557970e-02 1.233307272494975522e-02 1.891929412457240070e-02 1.772823821785696544e-02 3.726942267740687709e-03
1.884672000000000014e-01 -1.410301301144344620e-02 8.251388490354501920e-03 -2.002969285493356229e-03 5.627497255799804483e-03 1.239990328935914980e-02
1.894488000000000005e-01 -3.896515117195718109e-02 3.519358867415248171e-02 -2.593592914672942368e-02 1.128229640964782676e-02 2.463584250010525303e-03
1.904303999999999997e-01 1.681632138183317138e-02 1.658027859556898340e-02 -2.361317625955469679e-02 -3.817766849696565407e-02 -2.172656005389956430e-02
1.914119999999999988e-01 -2.536743831286145112e-04 2.825399945387348927e-02 -2.829617533109855115e-02 3.437987942889068199e-02 -2.098889756855942812e-02
1.923935999999999980e-01 -1.853080785029095554e-02 -1.383843258454018829e-02 7.676185096967324227e-03 -1.089679146086957803e-02 -2.973031710070356270e-02
1.933751999999999971e-01 -3.179376757059116515e-02 -1.657138867349612285e-02 -4.191732864363401784e-02 3.403133888899964599e-02 6.143768869787785691e-02
1.943567999999999962e-01 1.570753969753031385e-03 -2.500546145935568856e-02 1.879723638960680010e-02 2.083400817295652865e-02 2.559313613304965013e-02
1.953383999999999954e-01 -8.214497677575877859e-04 3.429604283175039653e-02 -2.837165634586053323e-02 3.505229633431909686e-02 3.966667998115570165e-02
1.963199999999999945e-01 1.224681658410272343e-02 1.488800136491550200e-02 1.747837583024578270e-02 -1.275486433825222775e-02 -1.730602280500129556e-02
1.973015999999999937e-01 3.331573103149610814e-03 -9.638387711618912447e-04 -2.163656252191496765e-02 -1.346837173914074582e-03 -2.429250889782532882e-02
1.982831999999999928e-01 3.656783278624032435e-02 -1.234047881919052812e-02 -2.841506467545773171e-02 3.863693559478159623e-02 -1.478242993737277633e-02
1.992647999999999919e-01 5.875059693055253995e-02 8.154079183783038975e-03 -5.188324121400298555e-02 1.625766170043723910e-02 1.311759667457095858e-02
2.002463999999999911e-01 6.478061133213698988e-03 1.326364863614095183e-02 -1.107992710905752153e-02 -1.117921865150097414e-03 8.375986059810141410e-03
2.012279999999999902e-01 2.803436356650584145e-04 5.747817452906408241e-03 -1.104886170382939764e-03 -4.151582330920023517e-02 -1.587814056975995688e-02
2.022095999999999894e-01 2.753287586054612920e-02 -1.341142301452475337e-02 1.456262763697274525e-02 1.997720901688274792e-02 -1.310891343288430981e-02
2.031911999999999885e-01 4.373402521810645233e-02 -1.461435867508490034e-02 5.492142235271548108e-03 3.528499656905192267e-02 -7.813578836610837741e-03
2.041727999999999876e-01 1.030581366014164842e-02 2.259462108002503484e-03 -1.987194484857243357e-02 5.029576111325360400e-03 -1.718675397189617718e-02
2.051544000000000145e-01 8.693818522092564005e-02 -2.002328892970966015e-02 -3.123116196282407428e-02 -1.645431359844104144e-02 4.698718862918666722e-02
2.061360000000000137e-01 -1.078333292827374744e-02 -1.583464709851668123e-02 1.643048561455613329e-02 4.071085559431109058e-02 -5.452816519395040085e-02
2.071176000000000128e-01 1.857565828304345856e-02 3.609722483284246060e-03 -2.509305973461921704e-02 -1.824588751383516075e-02 -2.527397055220692405e-04
2.080992000000000119e-01 4.696616096916925165e-02 -4.648687956835889645e-02 5.487414479175571971e-03 -2.150532147636973618e-02 -2.871196975311317290e-02
2.090808000000000111e-01 2.869402533586582968e-02 -1.252346689412746177e-02 2.069032991771664956e-02 2.352778101107123182e-02 -8.122577984063249906e-03
2.100624000000000102e-01 4.206050915267963222e-03 -2.271854938878043687e-03 -9.184020976169099751e-03 -1.007790770025633609e-02 9.096996014262162186e-03
2.110440000000000094e-01 3.307569050313414333e-02 3.683229837770148063e-02 3.087704108329754685e-02 -1.114624448090813756e-02 2.308747965260447496e-02
2.120256000000000085e-01 1.064108963495397422e-02 -2.563258151486199135e-02 -1.260243456448973710e-02 -4.070723747378320045e-02 1.322279494328417078e-02
2.130072000000000076e-01 -3.765045186206054332e-03 6.161543064252667651e-02 -4.074545113448811706e-03 8.495986720274592216e-03 1.991528534578326445e-02
2.139888000000000068e-01 -1.967896421160747131e-02 2.959682328947865412e-02 1.903904672028580713e-02 -5.325218263320486561e-02 5.754406779411321005e-02
2.149704000000000059e-01 2.318636784724962055e-02 -3.947565577227132860e-02 -1.259631139134121530e-02 -1.110679933996389090e-02 -2.674990910796606891e-02
2.159520000000000051e-01 -1.897773859341126551e-02 3.177554210215395580e-02 -2.304287773162103699e-03 -2.532426879816657497e-02 -7.220558828878292576e-03
2.169336000000000042e-01 2.466787780414305548e-02 -1.077259015559189903e-02 -5.944158598371317506e-03 1.777454315248642655e-02 -2.059028085968049940e-02
2.179152000000000033e-01 -2.099284091827445520e-02 -2.214499458043550986e-02 -2.527992447600660442e-02 -3.383028033715115845e-02 -1.544207188003842227e-02
2.188968000000000025e-01 6.900732929641814617e-03 -3.994679906747754250e-02 8.880556741930284090e-03 4.060920997059193002e-03 6.615497182813728783e-02
2.198784000000000016e-01 1.771708512126008231e-02 5.755427988631258915e-03 1.185544926946018604e-03 5.139721640888318677e-02 6.845270318055682139e-03
2.208600000000000008e-01 1.332871975236719388e-02 -1.768002944560215575e-02 -8.405365130281332309e-03 -2.211188417679554527e-02 1.809234978836815264e-02
2.218415999999999999e-01 -3.004600837202180044e-03 -2.819378293564555119e-02 6.459647932840251010e-03 -4.149294462537069829e-03 3.671390696857966367e-03
2.228231999999999990e-01 -8.779600848291872761e-03 -1.051062383925448901e-03 1.367302476448853908e-02 -8.985391709658400311e-03 -3.024322197550785574e-02
2.238047999999999982e-01 -2.565382858389799250e-02 -4.138216591364550501e-02 5.515341746949876511e-04 -5.790699984046774468e-02 8.350863857691001590e-03
2.247863999999999973e-01 3.010696794315183169e-04 -6.894853559783328464e-03 -1.858393137805631340e-02 -5.168431486547355597e-04 9.357729890425823746e-03
2.257679999999999965e-01 4.659548352349063456e-03 -1.318378966531158838e-02 -1.437833835781303707e-02 1.538729515021808499e-02 2.431729284554219953e-02
2.267495999999999956e-01 -9.620034101454308026e-03 -8.942864977418307770e-03 8.719756200229602378e-03 -4.165692584492434840e-03 3.892475801293886900e-02
2.277311999999999947e-01 -1.623879561682919567e-02 2.204852491080555935e-02 6.606997924566382352e-02 1.406389378471030634e-02 -2.520189847381331880e-02
2.287127999999999939e-01 1.646499378664944072e-02 -5.114851186821960799e-03 3.137666002696576362e-03 -2.608829963083459866e-02 -9.472189181670377309e-03
2.296943999999999930e-01 -9.211802954821792649e-03 -2.272723613427679243e-02 -2.070081207637489151e-02 -1.798849318168423486e-02 -2.164500399660518326e-02
2.306759999999999922e-01 9.256480824433184137e-03 -4.254162862027393438e-02 -2.741242334827431390e-02 1.823699006636384998e-02 -2.218033859210639600e-02
2.316575999999999913e-01 -1.589973218967369970e-05 -1.339114909426197819e-02 -7.130283021114030076e-03 4.504093545798452253e-03 -2.145404976772976105e-02
2.326391999999999904e-01 1.453051201270858829e-02 2.242743116909947862e-02 1.320389383027733383e-03 2.199810479404314383e-03 -1.848500135901993621e-02
2.336207999999999896e-01 -3.399440794596474830e-02 4.510370780329019808e-03 3.460429237651881790e-02 -1.267641276720203516e-03 2.247238245746642493e-02
2.346023999999999887e-01 1.274861632256867917e-02 2.943170705726780995e-02 1.495143725925141692e-02 -1.274028489380872771e-02 2.789186401794722242e-02
2.355840000000000156e-01 3.012563071108089949e-02 -1.883590756876565853e-02 -1.391367124372310145e-02 1.293936516716485963e-02 -3.179684863218244784e-02
2.365656000000000148e-01 -7.481604538153938284e-03 3.484315714922001789e-02 -1.859896692777972260e-02 1.042928200760251563e-02 2.324115477687051581e-02
2.375472000000000139e-01 1.272785500681561204e-02 -5.894488839379243006e-03 1.690070789643030591e-02 -1.896675922303673809e-02 2.032026364591767512e-02
2.385288000000000130e-01 4.655907154625525679e-02 -1.596915833726889359e-03 -1.572137560152912046e-03 -3.748312303409928603e-02 1.151332729709233539e-02
2.395104000000000122e-01 -4.143759820331838206e-02 -2.806183638643439202e-03 -1.514326509795659720e-02 -7.224426879935816857e-03 6.420821991211352747e-03
2.404920000000000113e-01 1.897469357181238298e-02 8.220227642905451187e-03 -3.981962695941206054e-02 1.092402719797915846e-02 6.934043593547476771e-03
2.414736000000000105e-01 -3.779086275119386551e-02 3.502877466723450933e-02 -1.386407182845580087e-02 4.363975589772653429e-02 7.937550720203264895e-03
2.424552000000000096e-01 -3.494330479811083578e-02 1.925852478663497153e-02 -1.057904055131395245e-02 -1.140014279069810968e-02 1.412533071477486621e-02
2.434368000000000087e-01 -2.564799661842942849e-03 3.340166803718225969e-02 -1.905246464909495993e-02 -2.792965318502522651e-02 -1.685524032624289214e-03
2.444184000000000079e-01 1.378001759452235526e-02 1.836678759415902654e-02 -5.512551412781860859e-03 4.034566338768758031e-02 7.444188426075992217e-03
2.454000000000000070e-01 5.958022451572021413e-03 2.785998133943022245e-02 -4.449420984300859506e-03 2.634538186498555992e-02 1.222981163819590947e-02
2.463816000000000062e-01 1.573242991844077052e-02 8.053186999506645183e-02 -2.245791952819462672e-02 -2.567476947711723120e-02 -1.086388107691838890e-02
2.473632000000000053e-01 8.609057527638243898e-04 1.375686239948250428e-02 -1.943494544525007847e-02 -6.916703755225864225e-03 2.306022718062564897e-02
2.483448000000000044e-01 -2.250503888757308599e-02 7.435638454879818547e-04 -1.432251121775439916e-02 -1.493972700701361612e-03 3.960372142080534168e-03
2.493264000000000036e-01 -4.054784944850226350e-03 2.974304766034126940e-02 5.156203804401863523e-03 -2.635685482264602409e-03 1.518835432666541113e-02
2.503079999999999750e-01 4.439708667035677930e-02 1.599630154668385887e-02 -2.336190615571768180e-03 -2.353634992185608954e-02 1.619026416053210432e-02
2.512896000000000019e-01 -4.324919400301999173e-02 -4.862300090933659863e-02 1.825002123792121567e-02 1.627478642079560611e-02 3.045871069480586557e-03
2.522712000000000288e-01 2.333267374507920489e-02 1.938404376254507233e-02 3.667948845330477187e-02 2.559185132795256321e-02 -2.256213394694975630e-02
2.532528000000000001e-01 4.978878362902754151e-02 -2.858927071997416098e-03 3.963310220777874898e-02 2.403866990536858081e-02 1.058939322382163777e-03
2.542344000000000270e-01 -8.690903214965050791e-03 1.280550934250247047e-02 -8.925959097092843117e-03 1.298395577910608882e-02 -3.960620558631915665e-03
2.552159999999999984e-01 4.332066957477240590e-03 6.765596334637524745e-03 5.584925984578881231e-03 4.527711329137079806e-03 -4.902944527679725661e-02
2.561976000000000253e-01 1.042724093760024132e-02 1.215786286425743316e-02 -1.685515240372129422e-02 -3.598415007713737235e-02 3.242062004342996517e-02
2.571791999999999967e-01 3.615600477885488190e-02 1.149783350555198813e-02 -2.349564744702846777e-02 1.926234114695390270e-02 -3.658917730694185438e-02
2.581608000000000236e-01 -1.659054365136356304e-02 1.297724894383237709e-02 -3.144103631762232981e-02 -4.092048123707943234e-03 1.565953393436764901e-02
2.591423999999999950e-01 1.431607873303892241e-02 -2.704593405646042378e-02 -9.751994121850704814e-03 -1.917498554351936349e-02 -7.350555956408425483e-03
2.601240000000000219e-01 6.137633501857990906e-03 -2.177539745440549429e-02 -1.867634801985838811e-02 6.882607180419981693e-03 7.916098928135318485e-04
2.611055999999999933e-01 -1.914137816800412506e-02 -1.082149600839497731e-02 1.756431687663713437e-02 2.829096413713587041e-02 -1.115608045592942667e-02
2.620872000000000202e-01 2.452605516450053966e-02 2.262131555820510315e-02 -3.130145248626053922e-02 -6.607298028178519578e-03 6.074942855907454475e-02
2.630687999999999915e-01 -1.140861226725208705e-02 -5.279722315461538116e-04 -1.418480679738310518e-02 -2.913492041874157779e-02 1.583471483875546412e-02
2.640504000000000184e-01 4.140575950116001658e-02 -2.379723744062154506e-02 1.102202696934262080e-02 -2.644874117173504069e-02 9.416977504893685874e-03
2.650319999999999898e-01 -3.721116075664644002e-02 -2.971036848679962580e-02 3.133242757280507718e-02 9.236180949107882648e-03 3.414241528087237632e-02
2.660136000000000167e-01 -1.817364934552737413e-02 -1.961411909804097048e-02 -1.419677624754987939e-02 1.465298631701040209e-02 3.651367630863757915e-03
2.669951999999999881e-01 -1.967283918274786731e-03 5.389415412366849699e-03 8.853307710528997981e-03 -6.101979470184085153e-02 2.228678576042193021e-02
2.679768000000000150e-01 3.283802365239948950e-02 -3.456827819014555818e-03 -1.102943868457309344e-02 3.163309709602283443e-02 -2.462909137832541059e-03
2.689583999999999864e-01 1.268397354588252958e-02 -1.138578703010209754e-02 3.061201781842956549e-02 -3.105469240235041520e-02 1.316236898092021899e-02
2.699400000000000133e-01 5.412541406407232400e-03 -1.155545284503802818e-02 1.862398695144508454e-02 -4.243977284390520327e-02 -1.509275855573337681e-03
2.709215999999999847e-01 -1.708547210920714418e-02 -7.754368876436950990e-03 8.594190859540112512e-03 -3.852425601909024305e-02 4.405872236312557283e-02
2.719032000000000115e-01 2.969067774484347375e-02 -1.048966242914530812e-02 2.928948865621646205e-02 1.128712321422346669e-02 1.147740714217808898e-02
2.728847999999999829e-01 -2.361905699495563116e-02 2.214167774934371058e-02 1.195465068468774122e-02 2.462444365751560726e-02 -6.060119000107110597e-03
2.738664000000000098e-01 3.013372480453343702e-02 -3.703149922247705311e-02 8.905881363768016618e-03 -1.954079055871313017e-02 -1.946868461829360381e-02
2.748479999999999812e-01 3.736575360822080166e-02 -1.325790208577495334e-02 4.553018365345330200e-03 -2.532382761565621018e-02 4.896909617909404704e-03
2.758296000000000081e-01 -1.304823812523083285e-02 3.396551163874024504e-02 7.244301362502695261e-03 1.642000574758054054e-02 -9.490024996742396635e-03
2.768111999999999795e-01 2.282610969261908082e-02 5.755037723660424293e-02 1.528311060695025647e-02 1.138703388389128608e-02 -3.047302817466617181e-04
2.777928000000000064e-01 2.710948400207506895e-02 -1.920027628702915268e-02 -9.872150908857501087e-03 -2.573621054864444826e-02 3.216967316701527940e-02
2.787743999999999778e-01 1.568970968064067883e-02 1.515006044773042210e-03 -4.408911204442146625e-02 -4.455812291693105748e-02 -3.676663915224279156e-02
2.797560000000000047e-01 -3.363046205254652254e-02 -1.575176825916433515e-02 -3.989598039185719702e-02 -1.045951972234686030e-03 2.766596679971832645e-02
2.807375999999999761e-01 -9.492516735986392812e-03 2.614884543574843082e-02 -1.464238380579264281e-02 5.452364429927456175e-04 2.083416586447207897e-02
2.817192000000000029e-01 -3.919595906663365936e-02 3.611351213054830173e-02 2.136700873735718209e-02 5.754431182739520520e-03 -4.107842326828647916e-03
2.827007999999999743e-01 -1.620275286703330014e-02 1.524571120378125783e-02 -1.206224059245400264e-02 7.072283013324180689e-03 -6.252463764967046943e-03
2.836824000000000012e-01 -3.844431120081757969e-02 -1.526590258964929427e-02 -2.851084590900635103e-03 1.999413795851730583e-02 -2.943038549330926918e-03
2.846640000000000281e-01 -5.250368513083321365e-02 9.717160803451063353e-03 1.307401945879382507e-02 2.151616566461673694e-02 -1.232388145622436532e-04
2.856455999999999995e-01 7.175177505765603474e-03 1.131808781914143448e-02 1.354810446794294312e-02 9.455892023585073594e-03 2.604744101170684140e-02
2.866272000000000264e-01 3.780026644661554913e-02 1.443215529614595965e-03 1.337040331908560808e-02 -3.481686420632591761e-02 2.005717461104628702e-02
2.876087999999999978e-01 -1.474908676830762565e-02 1.146790772611881726e-02 2.603373612340097523e-02 5.266958132118780729e-03 -2.913480025845326463e-02
2.885904000000000247e-01 -1.384576681920661207e-03 4.645960385637112715e-03 -1.194824111061967842e-02 -1.907427839335141054e-02 3.722843473864228397e-02
2.895719999999999961e-01 3.759548604225593227e-02 2.846321850778702964e-02 2.665545756687737883e-02 6.606706396693856100e-03 -2.230476948055285305e-02
2.905536000000000230e-01 2.419861908791178656e-02 2.416931242691180287e-03 3.406358692470762978e-03 -5.082691245067202934e-02 -1.871530519707042400e-02
2.915351999999999943e-01 5.331519011095293796e-03 1.463719184781748194e-02 1.860994156059628257e-02 2.220753046556148830e-02 3.107377510092400666e-02
2.925168000000000212e-01 -3.517861149391941084e-02 1.409314539157807428e-03 1.243742216121863399e-02 5.580558938915353671e-03 1.697838436898881434e-02
2.934983999999999926e-01 -3.131488327972541119e-02 1.161505721275147597e-02 -1.178487767931570701e-02 -4.085562375068335812e-03 4.006453023341592645e-02
2.944800000000000195e-01 3.435118447437129213e-02 -3.193751295940134433e-02 -7.333885015786761712e-03 7.944641192930469026e-03 -1.323474879535781190e-02
2.954615999999999909e-01 4.486319194036483826e-03 -7.636211371695423092e-03 5.745339122259078557e-02 -1.550108866517281928e-02 -1.928944168662706862e-02
2.964432000000000178e-01 8.588586813643460383e-03 -4.496031069506289946e-02 -3.172704779213800924e-02 -3.198301678783135350e-03 2.168436657680104448e-02
2.974247999999999892e-01 9.689809511244160253e-04 -2.052150809480793141e-03 1.377065704084763469e-02 -5.494476673313120410e-03 -4.075734845844190823e-03
2.984064000000000161e-01 1.895636296869572177e-02 4.548887141316709792e-02 -1.487563117055108394e-02 -2.361544424322688934e-02 -4.485574439214919801e-02
2.993879999999999875e-01 2.750570133891804339e-02 1.597652010017242691e-02 2.722990306550890360e-02 2.040358352672135694e-02 -1.303864331122293017e-02
3.003696000000000144e-01 4.440291035597361720e-03 -2.430618818278729339e-03 -1.609531101654470631e-03 2.772413637534646563e-02 2.247862216194228616e-02
3.013511999999999857e-01 7.280314902095082197e-03 -2.449592210040812262e-02 -5.344088464406989564e-02 1.785712059699449961e-02 1.300163480167339930e-02
3.023328000000000126e-01 1.234386271207719987e-02 -1.892755249458155306e-02 -4.996549425432578184e-02 3.540741895511724524e-02 -2.490698686421364064e-02
3.033143999999999840e-01 4.426626908733100399e-03 -4.965099885267785368e-02 2.138030932497948788e-02 -1.669184947769050079e-03 -2.557884247885417947e-02
3.042960000000000109e-01 2.968119990607838085e-02 -2.371055220901793076e-02 -2.686241303014562029e-02 -1.099449850932350797e-03 2.090024001230501513e-02
3.052775999999999823e-01 -2.132002426540004561e-02 2.369581407939292880e-02 3.835428433622977556e-02 -2.370739145009511523e-03 -2.531532789730107230e-02
3.062592000000000092e-01 1.000260128460813205e-02 -1.098903278701832478e-02 1.740333178571166692e-02 1.510986864913167575e-02 3.065917393530826277e-02
3.072407999999999806e-01 5.436098819345182992e-02 -2.097239593348501629e-02 -6.866907633261773967e-03 -6.276147634390959185e-03 1.273429381035521418e-02
3.082224000000000075e-01 -4.890524870063013563e-02 -1.135120889416771231e-03 -3.777716427622299783e-02 1.413528548570486959e-02 -2.048396112092851565e-02
3.092039999999999789e-01 1.912341650862413658e-02 -1.825212437391264889e-02 -3.163251423487976194e-02 -4.657671731953417528e-03 -1.320885507985910872e-03
3.101856000000000058e-01 -3.769279348281696917e-02 -2.318744252713372551e-03 3.969194915834314830e-02 3.852304322609780701e-02 -2.866918319897029249e-02
3.111671999999999771e-01 1.356925641667462885e-02 9.920683026719754032e-04 -4.759106852658749089e-03 -1.537803463641134773e-02 -1.266890504686496921e-03
3.121488000000000040e-01 4.755639480827594627e-03 1.997215759611336780e-02 2.540929519702115821e-02 1.418020406681257117e-03 2.857725963865546254e-02
3.131303999999999754e-01 -8.081651610073565042e-03 -1.390817713233621043e-02 7.917209447104842437e-03 -2.725465212974597512e-02 -8.264540726297335549e-03
3.141120000000000023e-01 1.145812891398441218e-02 -1.510813515306589500e-02 3.122077606683502059e-03 -2.852266619721510049e-02 2.446315980345547484e-03
3.150936000000000292e-01 -3.711597228252042774e-02 -2.240405411203340302e-02 1.610018841921160779e-02 -2.386033671917256460e-02 4.827587657253513270e-02
3.160752000000000006e-01 -4.062410827398120310e-03 -1.232555556116933342e-02 -3.393795195297575479e-02 7.519957345232476144e-03 -2.039803084036857436e-02
3.170568000000000275e-01 -6.804844544090049704e-04 -2.491526529770115347e-03 2.019846141324349413e-03 -1.589937004664879541e-02 -1.590086588380818303e-02
3.180383999999999989e-01 6.594497522484787802e-04 1.739946215763698428e-02 -1.051950696037168981e-02 1.868157660553000296e-02 -1.915291280454744019e-02
3.190200000000000258e-01 9.566273775022915773e-03 -2.622344695284844693e-02 1.742863315227516363e-02 -2.136448596296723623e-02 2.583305174598373583e-02
3.200015999999999972e-01 -2.284281918969765721e-02 2.200291626372622225e-03 -6.423634117530357089e-04 -3.686279131093048948e-03 3.305078977708146570e-02
3.209832000000000241e-01 -7.690247358067460112e-03 -2.965514020400358483e-02 -7.972627066297883341e-03 3.872716037353356178e-02 2.484178188357862721e-02
3.219647999999999954e-01 -6.469499031099215300e-03 1.692845414049262004e-02 5.121221127726413580e-02 -5.030810684130099242e-02 2.822042217088772953e-02
3.229464000000000223e-01 9.522224491040417668e-03 1.091507696941646822e-02 -2.477836919036164806e-02 -2.424915576300160774e-02 -1.830581284488011495e-02
3.239279999999999937e-01 3.025617838666051079e-02 7.827528268765775524e-03 -3.112997370406231368e-02 3.770492345580246023e-04 -1.422732890765353135e-02
3.249096000000000206e-01 -4.127417522338317976e-03 1.826861187046398272e-02 -1.626652227502561540e-02 1.307812779267250244e-02 -4.783629685293287054e-02
3.258911999999999920e-01 2.405045542561959696e-02 3.114650003922566843e-02 3.301908810718415244e-02 4.337348790351157118e-04 1.047749808061147888e-03
3.268728000000000189e-01 -4.446329552815157966e-03 -2.093082851463555841e-02 3.558112700499302394e-02 -1.800033131680284573e-02 4.916050782152375093e-02
3.278543999999999903e-01 6.200369866681799957e-03 1.211602341248555793e-02 4.763850520210454603e-03 7.638028396288333143e-04 -3.148013256491322825e-02
3.288360000000000172e-01 -3.946158206701718546e-02 -1.314766650933361924e-02 3.387353540935340163e-02 2.715645525572038532e-02 -3.242503716634322075e-02
3.298175999999999886e-01 -6.026835120454894501e-02 1.002678855066998879e-02 -2.589335283755521411e-02 2.909213053385879474e-02 -3.420698118667226534e-02
3.307992000000000155e-01 -3.107225645399541714e-02 2.067833367623982729e-03 2.058657641997449148e-02 -2.060524464836983524e-02 -5.148016076453906624e-03
3.317807999999999868e-01 -2.180580535544814763e-02 -1.198238553817353516e-02 -1.568919959526494934e-02 6.091217915742105958e-04 2.795574005146478358e-02
3.327624000000000137e-01 -5.449428871333777957e-02 -1.750268094055424870e-02 -2.171167434453023792e-02 2.509149400448512299e-02 -1.478243031072706826e-02
3.337439999999999851e-01 -6.221241507705038004e-02 5.181976726705437609e-03 1.786795618153292492e-02 3.465619652490722208e-02 3.771487395873291543e-02
3.347256000000000120e-01 -5.172315896101438090e-03 5.875154101378053141e-03 2.758711348272688269e-02 -2.014093615362927761e-02 6.760479111602561708e-02
3.357071999999999834e-01 5.834524275429717882e-02 1.954274181015903944e-02 1.174228069017176773e-02 -1.643178631263569195e-02 2.501020249287084357e-02
3.366888000000000103e-01 1.497751991414792740e-02 1.968762024660391033e-02 7.476816689208460980e-03 -3.322143766946251270e-02 -6.768293773183216115e-03
3.376703999999999817e-01 -1.800511580930735933e-02 7.355301498865451926e-02 1.615531750113999993e-02 4.941589890690782638e-02 2.514361092931877845e-02
3.386520000000000086e-01 -1.444066820682221239e-02 -3.642411462202124360e-04 -1.963009965821327796e-03 2.091282129266871376e-02 1.122497824233669415e-02
3.396335999999999800e-01 -1.303642898400836879e-02 2.828463142517362999e-02 -2.454609576064079209e-03 -2.665444495705934433e-02 1.283441556375287821e-03
3.406152000000000069e-01 -8.571907097168212850e-03 2.303741767764550495e-03 1.884084435049243958e-02 3.336769898440034715e-02 -1.814300121029556803e-02
3.415967999999999782e-01 -5.727489438679353798e-03 -1.813326950373683050e-02 -3.804425339970837349e-04 -3.312505627530515362e-02 2.150749241112517168e-02
3.425784000000000051e-01 1.031665905300436711e-02 4.050769254132949131e-04 -1.586662450510419736e-03 6.399194633552153857e-03 -2.156102502707357010e-02
3.435599999999999765e-01 -1.293778879526978967e-02 -1.509750121929514730e-02 -7.766811927983951818e-04 3.163533992522034235e-03 -1.231167916992639616e-03
3.445416000000000034e-01 -1.453238526089411543e-02 1.342619819734452470e-02 -2.096988434135283949e-02 3.546743364405735566e-02 -1.598127315236690105e-02
3.455232000000000303e-01 2.184848184313785413e-02 -2.289961154839572494e-02 3.946787804984511205e-02 2.399377209349332768e-02 -4.900111068359341154e-02
3.465048000000000017e-01 2.436180747720932075e-03 -1.909759485802897325e-02 -1.147994261521421804e-02 2.581799914256784068e-03 5.009919614911179965e-03
3.474864000000000286e-01 1.565900908573752970e-02 -9.267917725976952681e-03 1.364839612837262517e-02 -1.025093904384926681e-02 -4.717443023860308678e-03
3.484680000000000000e-01 2.552195726851546817e-02 1.925259622627635211e-02 -3.157304562684263433e-02 1.674022459225216544e-02 3.359969966463193652e-02
3.494496000000000269e-01 2.386754867917989867e-02 -3.447955434183052476e-02 2.638717274433792503e-02 -2.120976022909472000e-02 -2.716770562650964310e-02
3.504311999999999983e-01 7.457927456791555582e-03 4.487474152103843733e-02 1.406519157279214824e-02 4.710864171314306428e-04 2.453523692618570298e-02
3.514128000000000251e-01 -3.132282861284186887e-03 1.373138025859970204e-02 -6.772066649696699414e-03 -2.625389532246159580e-03 -3.748227691523475791e-02
3.523943999999999965e-01 4.523684594449896290e-02 -7.297858204851151182e-04 -1.929460732197980878e-03 2.361416071131640024e-02 3.081141697742372301e-02
3.533760000000000234e-01 6.337897690288479477e-03 -2.626871153668998427e-02 -1.897376236574845965e-03 -4.277979267429971727e-02 -4.981634118820321699e-02
3.543575999999999948e-01 1.267130380109064225e-03 3.404669000578068334e-03 2.056129901854015368e-02 8.573795890945184323e-03 -5.918932511717435452e-02
3.553392000000000217e-01 -3.480864715717148228e-02 3.538940056813420082e-02 -8.007646135829960335e-03 2.317334510412934201e-02 -2.275987033032516108e-02
3.563207999999999931e-01 2.650973657401384243e-02 3.887524203501370543e-03 3.265017948467508618e-02 -2.055101811574184048e-02 -5.084788324527260775e-03
3.573024000000000200e-01 2.060000289393628531e-02 1.621111015113307907e-02 -3.868524586104427065e-02 1.269552301500061209e-02 1.516862768841904449e-02
3.582839999999999914e-01 1.702958596362081842e-02 2.822984318058531505e-02 -3.696088504517890810e-02 -1.423134813510480712e-03 -2.778182934675528081e-03
3.592656000000000183e-01 1.627797615533630587e-02 -2.298723014210545326e-02 3.469661676989575783e-02 -4.244582939131358833e-03 1.008570934446183232e-02
3.602471999999999897e-01 -1.265575986609365419e-02 -1.254987966501953933e-02 -1.349440256390883539e-02 -2.030168190144166634e-03 9.914737710965274356e-03
3.612288000000000165e-01 1.975239091844117542e-02 -1.750998551639372861e-02 -1.722938805670507292e-02 1.685522797054186256e-02 -2.941375958221139567e-03
3.622103999999999879e-01 -4.017791593152002239e-02 -1.900203905771329516e-03 -3.415635538625053091e-02 -1.161772425840114538e-02 2.574347742670072409e-02
3.631920000000000148e-01 2.112888362265955000e-02 1.997684713117468813e-02 -2.560774051417087638e-02 -4.349069939137193558e-02 3.902406764513240145e-02
3.641735999999999862e-01 7.247963579717377203e-02 -2.800566061704383436e-02 1.075353731649857092e-02 -2.038667479850905101e-02 2.282370110834479326e-02
3.651552000000000131e-01 -3.393680302382900884e-03 -8.197571453435964842e-03 3.327179907661164532e-02 6.934436536278936608e-03 -1.355167736818690808e-04
3.661367999999999845e-01 -2.164865856075633491e-02 -2.118787061579574180e-02 -6.325370738696153849e-02 5.543777500147833472e-03 3.070714819275036783e-02
3.671184000000000114e-01 -2.635363684654897995e-02 -3.831474896585603668e-02 -2.241038671884407890e-02 4.245550620265878261e-02 2.774984547607439386e-02
3.680999999999999828e-01 4.611047078145390395e-03 2.657883431013663075e-02 3.753365799233800149e-02 4.446588596104276980e-02 -1.200090439421342033e-02
3.690816000000000097e-01 1.003700143774554319e-02 1.395445408120781286e-02 7.355635202828897899e-03 2.450332417498120308e-02 1.835234600141246245e-02
3.700631999999999810e-01 3.368607099705299424e-02 1.526377724545418743e-02 -2.366503377402122410e-02 7.327018681852245485e-04 -1.665700273798415704e-02
3.710448000000000079e-01 -8.783059241427625466e-03 2.436077463985318603e-02 2.490480005785942683e-02 2.253990561193185138e-02 -2.497691572117448008e-02
3.720263999999999793e-01 1.420633512103714434e-02 1.538857544722861161e-02 -2.164154960721652657e-02 1.448433525513428619e-02 -2.709483297172180297e-02
3.730080000000000062e-01 -4.156594313740729491e-02 3.131960223226020607e-03 2.823379840757028660e-03 -3.045526769292812184e-04 -1.339607544455129716e-02
3.739895999999999776e-01 6.305900935951662400e-02 3.005384561286789102e-02 3.696692821034165688e-02 1.436118304738651964e-03 -1.000952030002858276e-02
3.749712000000000045e-01 3.024455388021306604e-02 7.152208196090252719e-03 -8.145943082007557970e-03 -6.141341212258952416e-03 -1.867609412198493676e-02
3.759527999999999759e-01 -1.635281780991200765e-02 -5.407171262149320506e-02 -7.025231428904438712e-04 -3.922367641474885924e-02 -8.182801581209306341e-03
3.769344000000000028e-01 -4.982208900345746344e-02 1.440221094599022401e-03 4.337233093557877825e-03 -1.605730889039332782e-02 -5.462212883955017617e-04
3.779160000000000297e-01 -2.263875249771965872e-02 1.619455889371584217e-02 -4.199192303434186660e-03 -3.383462549413589204e-02 7.508180779151499111e-03
3.788976000000000011e-01 -6.521492825762553736e-02 -2.081500222437271397e-02 -7.180787023686141480e-04 -1.005709920634979132e-02 -7.844726145297234096e-03
3.798792000000000280e-01 2.179661845923346400e-03 1.729637591082661824e-02 -6.200593763715054642e-03 2.371650008082258621e-02 -2.284827332457271820e-02
3.808607999999999993e-01 -1.504548894194081797e-02 2.201399787572317843e-02 -1.874757045602397842e-03 -3.036501992674048040e-03 4.845841167706015085e-02
3.818424000000000262e-01 -2.046426622479550345e-02 8.215578894128755917e-04 3.869365161777898326e-02 2.786007171752013286e-03 -3.097952981566758773e-02
3.828239999999999976e-01 1.971929807295699083e-02 3.765288568851470757e-02 -8.940749791182169698e-03 -6.420032616660431915e-03 -1.735167672276826875e-02
3.838056000000000245e-01 1.106458369838299489e-02 4.103233164885421169e-02 -3.475012234400910727e-02 8.242790676365298677e-03 -4.698005651940108385e-02
3.847871999999999959e-01 -2.982305165771014736e-03 -1.549298315608112382e-02 -8.341482589956998941e-03 3.324091468687324219e-02 3.215923082192689592e-03
3.857688000000000228e-01 1.850372819063756183e-02 -2.366685655034340974e-02 6.610023843917022229e-04 -2.322243754377663338e-02 -1.011257198093316531e-02
3.867503999999999942e-01 -1.357736250151987331e-02 2.143302142605129842e-02 -1.735286928778254772e-02 -2.576243460357455911e-02 1.110612353667187260e-02
3.877320000000000211e-01 -3.151645160565131470e-02 2.706355192063819928e-02 -2.815717180850905652e-02 9.162443491075759200e-03 1.936946068967555432e-02
3.887135999999999925e-01 -2.536876443108436116e-02 -1.413050245175541050e-02 -3.077835173942302868e-02 1.750095778978501618e-02 -1.318016310250705661e-02
3.896952000000000194e-01 -6.122029629789764449e-02 -5.701680673949504480e-03 3.251279533103993563e-02 1.770694913338460375e-03 -4.315113465280144556e-02
3.906767999999999907e-01 -1.457140897489649436e-02 -3.777128889181766841e-02 -3.731840179211093345e-02 2.255139137162544619e-02 -3.119533011041586423e-02
3.916584000000000176e-01 -3.196867032241205997e-02 -2.624072066527428568e-02 3.460666645928311969e-02 -1.928486508533938659e-02 9.104183034970963692e-03
3.926399999999999890e-01 -1.282044295775905743e-02 -3.137113637112034364e-02 -4.247645629364811548e-03 4.194722491717671475e-02 -9.165037151253453349e-03
3.936216000000000159e-01 -4.022105785535667194e-02 4.485454561988527072e-02 1.767624517005338472e-02 -7.841208438911114603e-03 -1.670890734172485181e-02
3.946031999999999873e-01 9.479057367520320534e-03 5.977766027543855026e-03 -1.117615991771452044e-02 -5.348615177732727113e-03 -2.418257600541821525e-02
3.955848000000000142e-01 5.083072631312220493e-03 2.200641448384937568e-02 -3.294978653277579744e-02 2.827934245607462149e-02 -1.434099141466078095e-03
3.965663999999999856e-01 -9.496084239159905543e-03 -9.632462435117112101e-03 -8.023867941720268238e-02 -1.022012554477121603e-02 -1.670628750236458418e-02
3.975480000000000125e-01 3.558815573582663899e-02 -3.135956517914692543e-02 -2.704181633263305672e-04 2.497035876977645938e-02 -1.582298206332840435e-02
3.985295999999999839e-01 -2.112307897975986871e-03 -1.885674013716830133e-02 -2.658690175352475607e-02 -5.200151090333653137e-02 1.249485247880855951e-02
3.995112000000000108e-01 3.063091813218937060e-02 5.018579397308583351e-02 -4.998048226020630758e-02 -1.443211257949555612e-02 -1.189735939612993586e-02
4.004927999999999821e-01 6.349842724495131929e-03 6.755844281488680887e-03 -3.883450883743812254e-02 -2.179456645878128859e-02 -3.607941829154772545e-02
4.014744000000000090e-01 -2.603807090593612448e-04 -3.539765202445873272e-03 -4.236079781600653182e-02 -3.894445874676048802e-02 2.022722227421030680e-02
4.024559999999999804e-01 -3.124764477432524432e-02 2.336988128805227855e-02 -6.419386886238354073e-02 -1.571893037722048650e-02 -2.498062396061694404e-02
4.034376000000000073e-01 2.641031157953553643e-02 -3.349079466778710074e-02 -3.551996964356556735e-02 1.253553525484626778e-02 -6.489206198217669140e-06
4.044191999999999787e-01 7.822086209533261197e-03 2.460367542247056047e-02 -1.184561682318171008e-02 -3.975266727749927897e-02 -2.599608403045060648e-02
4.054008000000000056e-01 1.097560414076436189e-02 2.835143510733612385e-02 6.180366104508892497e-03 1.555210791883367138e-02 3.502740341484030136e-03
4.063823999999999770e-01 2.341225729503185540e-02 -2.352068043529165903e-02 3.063225585716129393e-02 1.988115549035368579e-02 -3.479577923605148716e-03
4.073640000000000039e-01 -2.074695473955697270e-02 -3.180723054716896175e-02 1.595685813322185323e-03 -8.412255368226647517e-03 2.754956877826551104e-02
4.083455999999999753e-01 -8.836112619271469307e-04 -6.479497600074623533e-03 -2.523254503754546532e-02 -1.883028222701688126e-02 1.465011305525897381e-02
4.093272000000000022e-01 -1.282091296710883947e-02 -1.920283577872637301e-02 -3.420936181942633297e-02 1.198746437153084014e-03 3.231209885902634055e-02
4.103088000000000291e-01 1.937838446250141067e-02 2.052936551154369363e-02 -1.371723174535182874e-02 5.120786415928939295e-03 4.307434249231418232e-03
4.112904000000000004e-01 1.073521100749646844e-02 -8.118178105743162690e-03 -3.632403279184976547e-02 2.888665545032560039e-02 5.336420720855997168e-02
4.122720000000000273e-01 3.230356383794587023e-03 -9.656708552805131490e-03 5.132320601469700545e-03 -1.639236531443809264e-02 4.178866734764720425e-02
4.132535999999999987e-01 -7.567554962502003220e-03 -1.362612836245842736e-02 -1.312338497355642047e-03 -4.586786788449250148e-03 1.803218868614318848e-02
4.142352000000000256e-01 -4.117966648012565123e-02 2.968955448651511633e-02 3.796245111690935755e-03 5.995358241771765913e-03 -1.581631788202170208e-02
4.152167999999999970e-01 -1.473045275441322091e-02 7.409091552897174903e-04 1.539504842642447011e-02 7.335685883798627807e-03 8.109968294778941225e-03
4.161984000000000239e-01 4.532468923327466134e-03 -1.283888626407512893e-04 -3.120456994722930078e-03 -1.503901666348046035e-02 -4.251155839806976255e-02
4.171799999999999953e-01 -1.201220205981916138e-02 -6.770996262289030385e-03 -3.398246298767566408e-03 -2.633677805835561714e-02 1.760872251287984303e-02
4.181616000000000222e-01 -1.867639075895317913e-02 4.808896802000985765e-02 -5.137635362924514865e-02 -4.904943359921803275e-02 1.696391850421991726e-02
4.191431999999999936e-01 5.855181115522622819e-03 3.318114102526903419e-02 -7.133222920229562516e-03 -2.147951030663980063e-02 5.028479580313669622e-02
4.201248000000000205e-01 2.050671400821017787e-02 7.821468909895587518e-03 -2.233654018354682899e-02 -2.965045545639353672e-02 6.557315543047690341e-03
4.211063999999999918e-01 -3.520553194199080044e-03 1.303000233825059827e-02 -7.233084160203588978e-03 8.721865498503728401e-03 -4.503312332549440355e-02
4.220880000000000187e-01 1.400488180763530786e-02 -4.246929004464142232e-02 -3.359729849062483703e-02 3.404767934031378146e-02 2.176412722500035285e-02
4.230695999999999901e-01 -1.798402373588431011e-02 -1.647721580482262860e-02 2.375149805266706798e-02 -1.312275976021331364e-02 -2.125020398671116119e-03
4.240512000000000170e-01 2.839908567284559274e-02 -3.757990902151529117e-02 -3.196022478783239803e-03 2.979994241764729115e-02 -1.091098938466384359e-02
4.250327999999999884e-01 -2.083110285226795130e-02 7.431134765746372391e-03 2.365199278994867260e-02 8.397305439467246972e-04 -4.600308840710220365e-02
4.260144000000000153e-01 -2.886795401705416920e-03 -3.633606611398169234e-02 1.669175207113604564e-02 -3.878591046112586649e-02 6.115426870923430791e-02
4.269959999999999867e-01 6.795340773254400155e-03 -6.655139853755465129e-02 1.453367129135079393e-02 -1.332469945420022839e-02 2.599288724479156126e-02
4.279776000000000136e-01 1.013145279335092575e-02 -4.163549854023321575e-03 -3.391848868783435209e-03 1.002977202091619689e-02 1.331063573611877826e-02
4.289591999999999850e-01 4.322091045267421883e-02 4.083932974049436782e-03 2.228711810643055694e-02 -1.254149139538259308e-02 1.962692542542424784e-02
4.299408000000000118e-01 -4.802974233419699673e-02 4.629645451068025580e-02 4.557038428311879254e-03 3.475504147270883342e-03 3.883625156786884181e-03
4.309223999999999832e-01 -2.421898932122232978e-02 6.554068175489874415e-02 -2.621409124689007275e-02 -2.554838266274080810e-02 1.792439154408679083e-02
4.319040000000000101e-01 -5.916220426297175324e-03 -2.500636119341069150e-02 3.941452137424178610e-03 2.810371850190241175e-02 -5.194208401362627667e-03
4.328855999999999815e-01 -1.700610770397860752e-02 -1.505722271755486653e-02 -9.829193875612460968e-03 -7.237034369418386334e-03 -6.392585795001013912e-03
4.338672000000000084e-01 -1.851772732808297170e-02 -1.337115629038054462e-02 3.116067122036090750e-02 3.520477289851485503e-02 -4.370494880091971290e-02
4.348487999999999798e-01 3.103157504353882407e-02 1.887518998244281168e-02 -4.262407466950082074e-02 -1.833999723672144130e-02 7.911174016345114482e-03
4.358304000000000067e-01 1.216038957454036729e-02 -6.231920868686880409e-03 -5.120257237097725761e-02 4.529491399432011844e-02 -4.767926854126644867e-03
4.368119999999999781e-01 3.118027368883011588e-02 -4.178782026103733394e-02 -8.396893491805196286e-03 -2.760763214161124010e-02 3.706129070339075991e-03
4.377936000000000050e-01 -1.725965055329346798e-02 -1.926255119130147048e-02 -4.428880598259112011e-02 1.720998327824778060e-02 -4.090944876762826060e-02
4.387751999999999764e-01 4.154666580352022950e-03 4.598748407750877058e-03 -2.840799656267646231e-02 -3.062493123139832171e-02 -4.057556153036220165e-02
4.397568000000000032e-01 -2.279494435022055496e-02 3.429162790180201315e-02 1.335788114196467119e-02 5.429351124161035415e-03 -1.115795653490234997e-02
4.407384000000000301e-01 2.988524006872033973e-03 1.532266999072656732e-02 -6.313674068386261953e-03 -4.230291130436481667e-03 3.683599284695116688e-02
4.417200000000000015e-01 -5.764388435571422310e-03 -3.268392003174699911e-02 -1.346388316791053037e-02 5.672391886906035310e-03 1.678340870226922507e-02
4.427016000000000284e-01 -1.894605409500197540e-02 -1.842154328830921881e-02 -1.139163642701098019e-04 -5.752682727806125544e-03 -1.940987053268355619e-02
4.436831999999999998e-01 -2.105452819383006949e-02 -1.983239354088341469e-02 -2.653072431528203171e-02 3.301661385838886020e-02 -5.508697352526556457e-03
4.446648000000000267e-01 -1.825498528465259798e-02 -1.075043207508141882e-03 -2.913897334882410012e-02 -3.606742703928922985e-03 -6.521609429430955118e-02
4.456463999999999981e-01 9.442517003766193184e-03 -4.204573294106464412e-04 -2.007038200518234880e-02 1.444626690200843423e-02 -8.388411081803975183e-03
4.466280000000000250e-01 2.337391562351005120e-02 3.115366463546298537e-02 -4.644712933747493881e-03 1.015369145822217142e-02 1.129448462849129376e-03
4.476095999999999964e-01 1.833289780004279321e-02 -1.794178092922753612e-02 -2.794581387359592120e-02 -1.949176115654630568e-03 3.638817720909674064e-02
4.485912000000000233e-01 -6.223645450414273111e-02 -4.613992362632005767e-02 -2.828303343995879071e-02 1.976773198181683115e-03 -3.326446513904049440e-02
4.495727999999999946e-01 -3.310300854291035877e-02 -2.628947931563584139e-02 1.477574586577476770e-02 -2.934562058627680770e-02 1.284671073178083114e-02
4.505544000000000215e-01 7.280987456818637654e-03 -2.028866151209231250e-02 -2.551919074579074576e-02 -1.516399982840802019e-02 1.380748466924825932e-02
4.515359999999999929e-01 2.887241586916537012e-02 -6.270010489707255122e-03 -2.566147559644312362e-02 -5.872447252323830490e-03 -4.422414175387214680e-02
4.525176000000000198e-01 -9.436443062125667979e-04 2.171875230587161018e-02 7.536589849476951243e-03 -2.347468112522952538e-02 4.383388104010783187e-02
4.534991999999999912e-01 3.967812083325801542e-02 -1.557550984134863439e-03 7.069802900395134350e-03 3.202556978614628201e-03 6.533915768939291095e-03
4.544808000000000181e-01 5.673853443413618726e-03 -1.383936963552625556e-02 -2.931663079180616641e-03 1.276551834000893768e-02 8.608220965825625834e-03
4.554623999999999895e-01 -3.341610558999776048e-02 -4.063724390318949192e-02 -1.033829390728659668e-02 3.313346908114557510e-03 -2.047462825866238137e-03
4.564440000000000164e-01 1.241115992010517061e-02 -1.738653757078059345e-02 -2.338754088446562407e-02 -2.467788457018856366e-02 -3.364101407446221798e-02
4.574255999999999878e-01 2.945364245827357744e-02 -4.132886065037768425e-02 1.811109544396398083e-02 5.435638762912092803e-02 4.466853699395404234e-03
4.584072000000000147e-01 4.906468955302682212e-03 2.364723870062496527e-02 -1.484981554396365942e-02 -1.234227202155952115e-02 1.850594446010809038e-02
4.593887999999999860e-01 -1.321423668564865913e-04 -5.578773469540766056e-03 2.528589472753330070e-02 3.307597108077642289e-02 -3.569533181211311857e-04
4.603704000000000129e-01 -3.293599613953610006e-02 -2.563304398968613285e-02 2.981376495825251161e-02 1.283388674898238531e-03 1.938590036553389240e-02
4.613519999999999843e-01 1.699196181088939240e-03 -3.451168603274530622e-02 -5.869792817465327613e-03 9.080764222492841709e-03 1.019222257110301809e-02
4.623336000000000112e-01 2.245126833446217662e-02 -7.010785718126476967e-03 5.792743123424536587e-03 -3.045175941801198452e-02 1.950109840207937470e-02
4.633151999999999826e-01 -5.325068003755132999e-03 -2.688184195852258776e-02 -9.589691223967296979e-03 -4.309318206652170552e-02 2.588848523611535918e-02
4.642968000000000095e-01 -7.311101293516193526e-03 -2.798619432220699962e-02 9.985106618565201334e-03 -3.380139767249203120e-02 5.307297085236623024e-02
4.652783999999999809e-01 6.080830528918974333e-03 2.878639606766988934e-02 1.036272454640222579e-02 -6.176004674448721393e-03 -2.421450526729685554e-02
4.662600000000000078e-01 3.915392742392570340e-03 -2.369638732878926249e-02 1.171322809701908461e-02 4.324537496909637568e-02 2.411456681221416792e-02
4.672415999999999792e-01 4.674567845216822531e-02 2.487652768824819352e-02 -7.818772085698264332e-03 -3.098230670344009896e-02 -1.449900689051742027e-02
4.682232000000000061e-01 -5.576141381220933030e-02 -1.764527595988244629e-02 -1.723334210045831053e-02 4.654636951637168563e-03 -9.363079424664345202e-03
4.692047999999999774e-01 -3.207787595148975379e-02 -3.544956136423958737e-02 1.751608135547257430e-02 -4.444791307994373775e-02 3.868626752798345197e-02
4.701864000000000043e-01 3.407786566933496781e-04 -4.974761274355523830e-03 2.394763284678028386e-03 4.021457776042507148e-03 1.419293483559152212e-02
4.711680000000000312e-01 2.402334807167596023e-02 5.641676746636462708e-03 2.028242311161640790e-02 6.726473635133867549e-03 -2.031501715909867986e-02
4.721496000000000026e-01 3.789315811052258037e-02 3.505401382297073775e-03 -1.156950725302127725e-02 2.511582524172682046e-02 1.417097251040547699e-02
4.731312000000000295e-01 -4.689796683681865530e-02 5.012802241952930143e-03 2.376230811009720847e-02 5.262317596754493339e-04 -5.174444145888923603e-03
4.741128000000000009e-01 -4.847608693920510241e-03 2.716681778439097167e-02 -2.670012424623380634e-02 -4.728319496799238825e-02 3.362277955317183320e-02
4.750944000000000278e-01 -9.584632549943128410e-03 -1.705150542551088846e-02 2.821506695200451040e-02 -3.731264275457515239e-02 -2.334736326940536552e-02
4.760759999999999992e-01 7.097205626868798717e-03 4.252290203770672794e-03 -9.536306352570328437e-03 -6.770171283357608386e-03 4.959674606639670469e-02
4.770576000000000261e-01 -5.190380252916606402e-02 -4.338569144326433636e-04 9.647714035745795155e-03 2.533329260989681045e-02 4.033295245003552278e-03
4.780391999999999975e-01 1.335819772050790902e-02 2.153741367763802733e-02 -1.766248668034690189e-02 -6.429629612113638149e-02 5.691997390642203336e-03
4.790208000000000244e-01 2.549264762516695315e-02 4.235458237473966464e-02 1.345272362610228783e-02 -6.192966981338117460e-02 -1.796343011005852378e-02
4.800023999999999957e-01 -2.755818500549468350e-03 -5.049910957833646241e-02 -2.079509792956037509e-02 -1.264980791931180626e-02 -1.741710132783469769e-02
4.809840000000000226e-01 -3.058486572964122518e-02 -6.593182186362965547e-02 -8.333654047081035920e-04 1.565076730394524343e-02 -1.346311344317126929e-02
4.819655999999999940e-01 9.331759413282259344e-04 -3.217271829408119722e-03 3.345819727206850863e-02 2.405894425667036429e-02 -3.454436827112934011e-02
4.829472000000000209e-01 -7.751395921603966219e-03 -8.995615255983378800e-03 -1.096875294837933341e-02 4.719908641454485798e-02 -1.744680480530580793e-02
4.839287999999999923e-01 1.365567184779599257e-02 -8.823324003837151527e-03 -1.525811204607353637e-02 -1.744171832803370972e-02 -3.178201231520891290e-02
4.849104000000000192e-01 8.201720932064015396e-03 -2.753439566962675306e-02 -5.144883785949443122e-02 -8.558064992242798985e-03 -3.332147984503865817e-02
4.858919999999999906e-01 1.632768488742161392e-02 1.296981661034384350e-03 2.557154157274216938e-02 -1.630702139383213151e-02 1.917135204145661853e-02
4.868736000000000175e-01 -1.353349194047112104e-02 -3.143938324617643471e-02 -2.008528680743831840e-02 1.701589290500919033e-02 -1.581666360230188362e-02
4.878551999999999889e-01 -2.879758240597057872e-02 -3.922053586648310136e-02 -3.708252828615692803e-02 -3.146488842431315741e-02 3.992135573578309803e-03
4.888368000000000158e-01 -4.567649242656138253e-02 -1.718992690705930734e-02 4.404425242473471863e-03 3.758428100790479117e-03 2.081048886573832676e-02
4.898183999999999871e-01 2.424432313535276884e-02 1.589051257639830655e-02 1.950184230515407749e-02 1.800462476608178514e-02 2.198278104902027380e-02
4.908000000000000140e-01 -5.308894545483385224e-04 -3.093037035354851902e-02 1.346225779200073067e-02 4.127999357717958696e-04 2.155178267151272239e-03
4.917815999999999854e-01 1.501257402911610438e-02 -3.375338471972016887e-03 3.432980395680847174e-02 9.703334237858430092e-03 -1.162241071739655678e-02
4.927632000000000123e-01 -5.036312941047904786e-03 1.108011502527171460e-03 2.485400681311947940e-02 9.014915724714214068e-03 -5.721334060578739736e-03
4.937447999999999837e-01 -3.669901427734672920e-03 9.719811172963398888e-03 -1.833568386227919442e-02 -8.711952349963726638e-03 2.750660684701023220e-02
4.947264000000000106e-01 8.164592494317533117e-03 -1.096523891312278613e-03 1.147882366267715878e-02 -2.806760971869477067e-02 -5.670555543940835816e-03
4.957079999999999820e-01 -1.535203696109650566e-03 2.135754573313220286e-02 1.938802394176909532e-03 3.488048580834206790e-03 2.880843289016987024e-02
4.966896000000000089e-01 -1.697715564212926714e-02 3.256013794558555979e-03 -8.703163641986951318e-03 -1.097988158896550347e-02 2.845116979934525156e-02
4.976711999999999803e-01 2.727743584365490553e-02 -3.310084108167276815e-03 2.538947085091870434e-02 -3.128518218730033662e-02 1.022433463553796586e-02
4.986528000000000072e-01 3.067739361358106862e-02 -1.024028706193206607e-02 -1.689036874852684750e-02 1.282740719961537705e-02 -9.879462309240579637e-03
4.996343999999999785e-01 2.378918664797866414e-02 -2.445549536699601761e-02 5.791578222888175281e-02 1.186775892691206355e-02 2.640621472691525098e-02
5.006159999999999499e-01 -2.777731166735917905e-03 3.947421409480097836e-03 1.459919941296153149e-02 7.785769126905746872e-03 -5.308747258635851396e-03
5.015975999999999768e-01 5.379683887972663836e-02 3.720653558305456188e-02 3.624312833245110083e-02 5.129311330889548513e-03 9.431721880458411589e-02
5.025792000000000037e-01 6.461338169981287183e-02 6.421214162426933103e-02 1.427484190380513551e-01 3.491805679821167324e-02 1.368585905438838568e-01
5.035608000000000306e-01 1.199302979002834085e-01 7.585828690726953427e-02 1.108422186227592116e-01 1.257948792918234526e-01 5.237201854796370848e-02
5.045424000000000575e-01 1.334974518599466309e-01 1.269637636774591516e-01 1.307992304206809786e-01 1.131597920511328292e-01 8.969852171223828552e-02
5.055239999999999734e-01 1.535838376676811334e-01 1.168155861750679730e-01 1.248248411603118391e-01 1.147108324938212881e-01 3.601420118380908864e-02
5.065056000000000003e-01 1.991493428468415483e-01 8.074622065219524969e-02 1.082837716894173852e-01 1.411717638522553553e-01 5.046621866189487937e-02
5.074872000000000272e-01 1.542209294968904520e-01 1.622636980247388894e-01 1.721278801129652036e-01 1.267722404382969625e-01 1.098312985974648215e-01
5.084688000000000541e-01 1.391982751048670419e-01 1.096222216419983353e-01 1.353610450084057337e-01 7.925090349854556349e-02 8.527913001652952241e-02
5.094503999999999699e-01 1.713654626833584216e-01 1.601181655013408922e-01 1.411851346061685497e-01 1.101910939187673993e-01 3.486450093065057015e-02
5.104319999999999968e-01 1.646563862852368221e-01 1.697596562888938621e-01 1.100590316424432391e-01 7.251222814190438903e-02 3.270000653402569540e-02
5.114136000000000237e-01 1.125529899687220531e-01 1.767907588725280976e-01 1.328023897438393164e-01 3.368024146645021838e-02 1.341939719630559635e-01
5.123952000000000506e-01 1.844319278787018290e-01 1.800581929605230558e-01 1.676025462117205211e-01 8.240218820532059507e-02 8.364126648947099729e-02
5.133767999999999665e-01 1.696489969954369792e-01 1.209845884893744755e-01 1.578686863335919399e-01 9.671313351608745723e-02 3.844263275998185264e-02
5.143583999999999934e-01 1.085161924649103715e-01 1.323864919488673686e-01 1.549413696783898398e-01 6.365092080712904388e-02 2.842238212386271820e-02
5.153400000000000203e-01 1.503108109422351679e-01 1.804515849578507414e-01 9.950840985374370673e-02 7.721524477966017208e-02 5.476141787241928932e-02
5.163216000000000472e-01 1.473103153286425271e-01 1.677547126935077237e-01 7.032906614412459678e-02 1.099860670467267681e-01 1.024425263497274058e-01
5.173031999999999631e-01 1.212849369237789937e-01 1.580323695994287903e-01 1.450578478289825390e-01 6.694809665066021875e-02 6.204218888573038299e-02
5.182847999999999900e-01 9.884829923909167759e-02 1.350170503758405804e-01 1.182769793583147433e-01 1.039940718582819529e-01 6.057288582085198353e-02
5.192664000000000168e-01 1.346013503940034495e-01 1.408947776752712822e-01 9.506166777208550911e-02 2.756661530648740407e-02 8.593748382299720712e-02
5.202480000000000437e-01 1.436216250844047637e-01 1.422807338987716053e-01 1.130716481440875859e-01 2.620019708803950076e-02 5.464513562370032496e-02
5.212295999999999596e-01 1.137100338420416606e-01 1.141068736466223921e-01 8.946789173384780969e-02 6.358488926095688665e-02 8.272049095049543999e-02
5.222111999999999865e-01 1.087365769738492804e-01 1.068740466326050520e-01 1.238117040116598483e-01 6.533995763600319862e-02 5.247147005134374098e-02
5.231928000000000134e-01 1.311524678344100636e-01 1.488056413159750124e-01 1.219220575740491974e-01 8.032849390486623831e-02 6.038690375669988203e-02
5.241744000000000403e-01 1.346707362357609794e-01 9.392618107901010149e-02 1.469961882094709127e-01 7.482198983657685487e-02 4.279029521591043439e-02
5.251559999999999562e-01 1.128333944526433152e-01 4.687742091609264222e-02 5.650273373832977175e-02 9.863235076505862120e-02 5.480700464092513879e-02
5.261375999999999831e-01 3.831238352750473281e-02 1.017971681436538600e-01 1.334942463524625145e-01 1.024907737728959489e-01 7.328825289908935670e-02
5.271192000000000100e-01 1.003753343460542097e-01 1.123482529653967027e-01 1.184471327857065798e-01 9.182672275738050505e-02 3.087589380786256305e-02
5.281008000000000369e-01 1.364843153963156697e-01 1.720612614207030766e-01 7.429861657075087500e-02 7.023722025181362849e-02 5.672531675893228292e-02
5.290823999999999527e-01 7.242983199888015922e-02 1.537821439385665678e-01 1.501212601533158109e-01 7.511368386468730840e-02 3.669659298652428597e-02
5.300639999999999796e-01 8.701106632747314384e-02 4.919804832493956948e-02 1.024733164745078445e-01 9.654786514075611170e-02 1.294150961169024394e-01
5.310456000000000065e-01 9.543287658421185926e-02 1.214733218580946322e-01 8.483447649396343160e-02 5.025809439034750747e-02 6.886150024167500550e-02
5.320272000000000334e-01 8.938362822434464672e-02 1.345120895032285158e-01 7.367714964077179407e-02 6.483837088468182019e-02 5.731337094591762438e-02
5.330087999999999493e-01 1.138905243234872439e-01 1.008790238113850685e-01 6.854748161231603854e-02 4.162143020738962029e-02 6.210009104960269311e-02
5.339903999999999762e-01 6.921295553887284180e-02 1.033575314556423319e-01 9.478638781487441767e-02 1.222986197741217536e-02 4.332331612368062190e-02
5.349720000000000031e-01 7.877069327743328742e-02 3.561742990249050500e-02 7.429654256549778069e-02 7.363128876330324313e-02 8.001419040152804585e-02
5.359536000000000300e-01 7.027016537466142243e-02 8.725506487099549124e-02 8.705446735414903991e-02 7.063601722404640182e-02 4.719708817069744045e-02
5.369352000000000569e-01 1.307127576910884215e-01 7.820265501451605095e-02 9.903443833900420212e-02 4.178778201091727651e-02 1.743885257959669130e-02
5.379167999999999727e-01 1.246634351274266972e-01 1.132102871319251164e-01 1.265682472066362863e-01 3.906423892501596773e-02 2.889822961560211539e-02
5.388983999999999996e-01 1.342800640722935646e-01 7.727298197869715557e-02 9.901471163945493870e-02 4.210835499459967407e-02 5.363292325556089091e-02
5.398800000000000265e-01 1.089774924324299066e-01 4.655542753619103941e-02 1.222706979177378833e-01 2.689972121793850895e-02 2.651656499782013496e-02
5.408616000000000534e-01 9.120918497941585268e-02 6.287077364248169764e-02 5.700006024590591885e-02 9.045068279480724879e-03 1.138281878431160379e-03
5.418431999999999693e-01 9.101995089947578776e-02 3.706946147331857677e-02 1.086411197185891131e-01 1.534624317400945341e-02 2.156328259628880264e-02
5.428247999999999962e-01 5.429827450087548052e-02 8.773273619225774311e-02 9.230004615127963830e-02 3.548908877253596078e-02 2.468166517095346860e-02
5.438064000000000231e-01 4.412429567960511612e-02 9.209220597856744572e-02 7.751456954935501131e-02 -3.534842485250073475e-03 2.828648674268928118e-02
5.447880000000000500e-01 3.359173922137791840e-02 8.121970831914290812e-02 6.694163295724241125e-02 2.759958859755960378e-02 2.494105485707561951e-02
5.457695999999999659e-01 4.147454010680287628e-02 6.179091731580359237e-02 3.627964744877593128e-02 3.010067552999011464e-02 2.639123287192279149e-02
5.467511999999999928e-01 1.079325275933507716e-02 2.725223699997223956e-02 3.147473027352690189e-02 4.440750845494011861e-02 6.981960078124915814e-02
5.477328000000000197e-01 8.217143369305200673e-02 2.851716984609925509e-02 6.756040873782472034e-02 4.120904212967311381e-02 6.994879891379097991e-02
5.487144000000000466e-01 5.424053106048859485e-02 3.615371756653425889e-02 3.910245919218278965e-02 7.546738497867452010e-03 1.857912027467362517e-02
5.496959999999999624e-01 1.025390221286475029e-01 4.397214510445249247e-02 4.952593884018376136e-02 5.414878778500007567e-02 6.186729277381657066e-02
5.506775999999999893e-01 6.378697717184550475e-02 2.272401977590239944e-02 7.815826761111560605e-02 5.434259336930097328e-02 4.003516450642911895e-02
5.516592000000000162e-01 4.495990344568135175e-05 6.209364837452130415e-03 3.278803495472479984e-02 5.562191008793510028e-02 2.855849513175415591e-02
5.526408000000000431e-01 1.516145769862243912e-02 6.378558298859647591e-02 6.705751113175652256e-02 9.326649968936820412e-02 8.255949308373198778e-03
5.536223999999999590e-01 2.023373978489157246e-02 4.896982885623968329e-02 2.363214206638624207e-02 2.798930714410470533e-02 -7.459516824446354305e-03
5.546039999999999859e-01 5.418186071865879749e-02 8.682380201416602106e-02 8.932830040313824438e-02 4.704400403494302801e-02 1.421372883928669756e-02
5.555856000000000128e-01 7.647142832147642288e-02 5.204480411023300335e-02 8.050557241073492964e-02 5.198679283424152003e-02 2.268256546827669348e-02
5.565672000000000397e-01 2.851495915411000545e-02 3.911050316739789201e-02 3.714600359889662362e-02 3.365923511508112087e-02 5.755891381221031611e-02
5.575487999999999555e-01 6.975547073870488890e-02 1.010523429229592401e-01 4.879963156345815817e-02 4.145138346754200648e-02 3.426868722114385923e-02
5.585303999999999824e-01 5.527802164726307310e-02 5.911423019363047648e-02 4.431877810061502637e-02 2.509162445052207785e-02 1.097886920344368772e-02
5.595120000000000093e-01 6.082771108270431520e-02 1.614538306340729951e-02 4.126347799089052221e-02 5.679285737468561975e-03 4.543729375666228504e-02
5.604936000000000362e-01 4.605164951372997528e-02 5.527152359050708369e-02 8.732271474595944272e-02 4.610273264144398864e-02 6.683066306413973368e-02
5.614751999999999521e-01 4.215591304364679770e-02 3.815106084024288968e-02 -5.343453294540027529e-03 4.202233758644662032e-02 -3.782031408123917408e-03
5.624567999999999790e-01 6.378630625293939260e-02 8.237283599875808160e-02 4.771299355110330404e-02 3.319323261723267776e-02 4.568528663597198891e-02
5.634384000000000059e-01 8.416087960374353527e-02 7.138044031597391703e-02 2.625642937761629714e-02 6.296447945832694959e-02 3.476540449717416270e-02
5.644200000000000328e-01 1.899139577462544831e-02 6.202640126522254715e-02 -6.927176514354301505e-03 3.622603128538129380e-02 6.421860109443426612e-02
5.654015999999999487e-01 6.572818383872508496e-02 5.819372894892211462e-02 1.373177276776098472e-02 1.450803133330742963e-02 4.857349815189461462e-02
5.663831999999999756e-01 9.526733433466027731e-03 3.573473632814878204e-02 2.713368048686021564e-02 7.792550348089842538e-02 4.356021925260130517e-02
5.673648000000000025e-01 5.476820388617800739e-02 1.054592384605971579e-02 5.083697963712930507e-02 5.878521845232845267e-02 6.502140345292072021e-02
5.683464000000000294e-01 9.337355180916917519e-02 3.565381994399884763e-02 2.795587135896987832e-02 5.368719722100914055e-02 3.415921922974290981e-02
5.693280000000000562e-01 6.957196003679792795e-02 2.836319576924187236e-02 5.437977213804293802e-02 2.030215665155002402e-02 2.803435466396963366e-02
5.703095999999999721e-01 8.671695437910746651e-02 7.415875034020240342e-02 7.581439407156957688e-02 -1.186125014595162779e-02 3.643184897261449173e-02
5.712911999999999990e-01 5.281387567991985971e-02 6.286364746829725680e-02 4.049431794427749143e-02 1.397348990535512633e-02 1.661868353278940502e-02
5.722728000000000259e-01 -5.894872286640638094e-03 4.070905152313336606e-02 4.080791731454055937e-02 2.332433087310003400e-02 5.044689817359875733e-02
5.732544000000000528e-01 4.502234634274430991e-02 3.044578394089351644e-02 5.718856134875633518e-02 5.879028261695835172e-02 8.747059563460016229e-02
5.742359999999999687e-01 6.121037822035076820e-02 8.952549986306966578e-02 8.892312124262163886e-02 5.009727153495357327e-02 -1.294149503387040379e-02
5.752175999999999956e-01 8.391324051518732341e-02 3.406512500153092288e-02 3.591776461352353539e-02 -6.551893737727452517e-03 -7.809809268116697269e-03
5.761992000000000225e-01 2.150052325196716643e-02 2.774541712678692956e-02 3.940569238491208742e-02 3.264382499496989304e-02 2.011130863238357394e-02
5.771808000000000494e-01 2.657073786390815040e-02 1.505591554765237788e-02 3.751643467543970545e-02 -1.247311634554813461e-02 -6.092864184507603559e-03
5.781623999999999652e-01 5.136511323914993293e-02 1.638653343625938799e-03 5.713525906099504309e-02 -2.683682974701667372e-06 -1.895657633214562279e-02
5.791439999999999921e-01 5.822794184285004504e-02 7.102841022203197630e-02 -1.562652000230144514e-02 4.735073025863224122e-03 7.435168058950157068e-03
5.801256000000000190e-01 6.526989744438313479e-02 -3.174246455506750733e-03 2.439871635656032725e-02 -1.996432464606025942e-02 1.861074497104211328e-02
5.811072000000000459e-01 3.925953229493594349e-02 5.499139152057699181e-02 9.812376374375210777e-03 3.944164967796170290e-02 -3.007025965879705619e-03
5.820887999999999618e-01 2.496422198741755569e-02 6.159271588917796664e-02 3.583010962807742141e-03 4.432797279442781888e-03 5.735746116694231955e-02
5.830703999999999887e-01 5.585343009858467767e-02 1.402286331883331218e-02 4.192241313654574558e-02 4.179404618285139511e-02 3.441962301053534679e-02
5.840520000000000156e-01 4.849112525595651590e-02 2.493133753918681458e-02 4.709393515388811402e-02 2.503058515764581063e-02 4.604224273563300995e-03
5.850336000000000425e-01 4.345981797759298354e-02 4.427136048298255244e-02 2.774376351245352954e-03 8.810022499708219934e-03 -5.084649169377389311e-02
5.860151999999999584e-01 3.036020862017214245e-02 3.303834094176652525e-02 2.226206197595427191e-02 2.609432613440243118e-02 -5.655323769563018466e-02
5.869967999999999853e-01 1.259915967431210482e-02 2.574836904486915018e-02 -1.240456420804571594e-02 7.579728457612995574e-02 2.666492640070123460e-02
5.879784000000000121e-01 4.611631217479637834e-02 2.446371487708064868e-02 2.554414050893556026e-02 6.683348488214302385e-02 2.304156091822459271e-02
5.889600000000000390e-01 3.821641368476395850e-02 6.679214486287296526e-02 3.440758801194263722e-02 1.242985345272449443e-02 2.921364969387773083e-02
5.899415999999999549e-01 1.388177614131951530e-02 3.972762622539451061e-02 4.430721071398410760e-02 4.145033151592175669e-03 5.323943717568063033e-02
5.909231999999999818e-01 2.128150843500852332e-02 5.542661752704321210e-02 6.346934826736551349e-02 3.268629369880933500e-02 1.106016754057340297e-02
5.919048000000000087e-01 2.467699644436228620e-02 -1.658342098367160400e-02 -1.271615333081852449e-02 5.085064268641902724e-02 2.091391225479367205e-02
5.928864000000000356e-01 6.857135323247652049e-03 2.313529407406055352e-02 3.734292249395136654e-02 -1.990848093518294160e-03 -4.175040765862319397e-03
5.938679999999999515e-01 3.828033658276934481e-02 2.585371757599947903e-02 2.496017993455461326e-02 5.937297773062798212e-02 -1.550896136538556375e-02
5.948495999999999784e-01 4.245228701937215493e-02 4.743546290722983061e-02 2.494907925980542271e-02 -1.082857035416345814e-02 1.907473325266657513e-02
5.958312000000000053e-01 4.943279157158489423e-02 8.569639115199866042e-02 1.865514079803589839e-02 1.167550947086651650e-02 3.358201312811116834e-02
5.968128000000000322e-01 2.271781254505876070e-03 -2.646242182276673308e-02 2.499152603373484133e-02 1.146102692850650695e-02 -3.603326080964221884e-02
5.977944000000000591e-01 4.749759579684751515e-02 5.219269665856085538e-02 2.374967841562363596e-02 2.596220695042955606e-02 3.682424155866207555e-02
5.987759999999999749e-01 3.661025170916621524e-02 5.139266475648501808e-02 -2.768813882208027988e-02 3.754704604022036929e-02 2.931078455867469970e-02
5.997576000000000018e-01 4.400864473930356235e-02 2.044917680056705309e-02 3.188793757703193427e-02 6.032069821648244207e-02 -8.835632674054955463e-03
